date_time,record_id,temp,pm2_5,aqi,ozone
2024-01-01 00:00:00,Hillsborough,33.5,62.40833333333333,122.0,0.03045119047619046
2024-01-01 01:00:00,Hillsborough,33.5,,,
2024-01-01 02:00:00,Hillsborough,33.0,,,
2024-01-01 03:00:00,Hillsborough,33.0,,,
2024-01-01 04:00:00,Hillsborough,33.0,,,
2024-01-01 05:00:00,Hillsborough,32.0,,,
2024-01-01 06:00:00,Hillsborough,32.0,,,
2024-01-01 07:00:00,Hillsborough,32.0,,,
2024-01-01 08:00:00,Hillsborough,35.0,9.975,,
2024-01-01 09:00:00,Hillsborough,38.0,,,
2024-01-01 10:00:00,Hillsborough,41.5,,,
2024-01-01 11:00:00,Hillsborough,45.0,,,
2024-01-01 12:00:00,Hillsborough,47.0,,,
2024-01-01 13:00:00,Hillsborough,48.0,,,
2024-01-01 14:00:00,Hillsborough,48.0,,,
2024-01-01 15:00:00,Hillsborough,47.5,,,
2024-01-01 16:00:00,Hillsborough,45.0,5.3375,,
2024-01-01 17:00:00,Hillsborough,42.5,,,
2024-01-01 18:00:00,Hillsborough,40.5,,,
2024-01-01 19:00:00,Hillsborough,39.5,,,
2024-01-01 20:00:00,Hillsborough,38.5,,,
2024-01-01 21:00:00,Hillsborough,37.5,,,
2024-01-01 22:00:00,Hillsborough,37.0,,,
2024-01-01 23:00:00,Hillsborough,36.5,,,
2024-01-02 00:00:00,Hillsborough,36.0,4.8125,52.0,
2024-01-02 01:00:00,Hillsborough,35.5,,,
2024-01-02 02:00:00,Hillsborough,35.5,,,
2024-01-02 03:00:00,Hillsborough,35.0,,,
2024-01-02 04:00:00,Hillsborough,34.5,,,
2024-01-02 05:00:00,Hillsborough,33.5,,,
2024-01-02 06:00:00,Hillsborough,32.5,,,
2024-01-02 07:00:00,Hillsborough,32.5,,,
2024-01-02 08:00:00,Hillsborough,32.5,6.158333333333333,,
2024-01-02 09:00:00,Hillsborough,34.5,,,
2024-01-02 10:00:00,Hillsborough,38.0,,,
2024-01-02 11:00:00,Hillsborough,41.0,,,
2024-01-02 12:00:00,Hillsborough,43.5,,,
2024-01-02 13:00:00,Hillsborough,45.5,,,
2024-01-02 14:00:00,Hillsborough,47.5,,,
2024-01-02 15:00:00,Hillsborough,47.5,,,
2024-01-02 16:00:00,Hillsborough,45.0,8.983333333333334,,
2024-01-02 17:00:00,Hillsborough,41.0,,,
2024-01-02 18:00:00,Hillsborough,38.5,,,
2024-01-02 19:00:00,Hillsborough,36.5,,,
2024-01-02 20:00:00,Hillsborough,36.0,,,
2024-01-02 21:00:00,Hillsborough,35.5,,,
2024-01-02 22:00:00,Hillsborough,35.0,,,
2024-01-02 23:00:00,Hillsborough,34.5,,,
2024-01-03 00:00:00,Hillsborough,34.5,7.545833333333333,49.0,
2024-01-03 01:00:00,Hillsborough,34.0,,,
2024-01-03 02:00:00,Hillsborough,33.5,,,
2024-01-03 03:00:00,Hillsborough,34.0,,,
2024-01-03 04:00:00,Hillsborough,33.5,,,
2024-01-03 05:00:00,Hillsborough,33.5,,,
2024-01-03 06:00:00,Hillsborough,33.5,,,
2024-01-03 07:00:00,Hillsborough,33.5,,,
2024-01-03 08:00:00,Hillsborough,36.0,6.127083333333333,,
2024-01-03 09:00:00,Hillsborough,40.5,,,
2024-01-03 10:00:00,Hillsborough,45.0,,,
2024-01-03 11:00:00,Hillsborough,46.5,,,
2024-01-03 12:00:00,Hillsborough,47.5,,,
2024-01-03 13:00:00,Hillsborough,48.0,,,
2024-01-03 14:00:00,Hillsborough,49.5,,,
2024-01-03 15:00:00,Hillsborough,48.5,,,
2024-01-03 16:00:00,Hillsborough,47.5,6.541666666666667,,
2024-01-03 17:00:00,Hillsborough,46.0,,,
2024-01-03 18:00:00,Hillsborough,45.0,,,
2024-01-03 19:00:00,Hillsborough,44.0,,,
2024-01-03 20:00:00,Hillsborough,43.0,,,
2024-01-03 21:00:00,Hillsborough,42.5,,,
2024-01-03 22:00:00,Hillsborough,42.0,,,
2024-01-03 23:00:00,Hillsborough,42.0,,,
2024-01-04 00:00:00,Hillsborough,42.5,5.133333333333334,48.0,
2024-01-04 01:00:00,Hillsborough,42.5,,,
2024-01-04 02:00:00,Hillsborough,42.5,,,
2024-01-04 03:00:00,Hillsborough,42.5,,,
2024-01-04 04:00:00,Hillsborough,43.0,,,
2024-01-04 05:00:00,Hillsborough,43.5,,,
2024-01-04 06:00:00,Hillsborough,44.5,,,
2024-01-04 07:00:00,Hillsborough,42.0,,,
2024-01-04 08:00:00,Hillsborough,41.0,6.05,,
2024-01-04 09:00:00,Hillsborough,41.0,,,
2024-01-04 10:00:00,Hillsborough,41.5,,,
2024-01-04 11:00:00,Hillsborough,42.5,,,
2024-01-04 12:00:00,Hillsborough,41.5,,,
2024-01-04 13:00:00,Hillsborough,41.5,,,
2024-01-04 14:00:00,Hillsborough,43.0,,,
2024-01-04 15:00:00,Hillsborough,44.0,,,
2024-01-04 16:00:00,Hillsborough,43.0,5.3875,,
2024-01-04 17:00:00,Hillsborough,39.5,,,
2024-01-04 18:00:00,Hillsborough,36.0,,,
2024-01-04 19:00:00,Hillsborough,34.0,,,
2024-01-04 20:00:00,Hillsborough,32.5,,,
2024-01-04 21:00:00,Hillsborough,30.5,,,
2024-01-04 22:00:00,Hillsborough,29.5,,,
2024-01-04 23:00:00,Hillsborough,28.5,,,
2024-01-05 00:00:00,Hillsborough,28.0,5.370833333333334,42.0,
2024-01-05 01:00:00,Hillsborough,27.5,,,
2024-01-05 02:00:00,Hillsborough,27.0,,,
2024-01-05 03:00:00,Hillsborough,26.5,,,
2024-01-05 04:00:00,Hillsborough,26.0,,,
2024-01-05 05:00:00,Hillsborough,26.0,,,
2024-01-05 06:00:00,Hillsborough,26.5,,,
2024-01-05 07:00:00,Hillsborough,27.0,,,
2024-01-05 08:00:00,Hillsborough,29.0,2.7770833333333336,,
2024-01-05 09:00:00,Hillsborough,34.0,,,
2024-01-05 10:00:00,Hillsborough,40.0,,,
2024-01-05 11:00:00,Hillsborough,43.5,,,
2024-01-05 12:00:00,Hillsborough,45.5,,,
2024-01-05 13:00:00,Hillsborough,47.0,,,
2024-01-05 14:00:00,Hillsborough,47.5,,,
2024-01-05 15:00:00,Hillsborough,48.5,,,
2024-01-05 16:00:00,Hillsborough,47.0,4.570833333333334,,
2024-01-05 17:00:00,Hillsborough,44.0,,,
2024-01-05 18:00:00,Hillsborough,43.0,,,
2024-01-05 19:00:00,Hillsborough,42.0,,,
2024-01-05 20:00:00,Hillsborough,42.5,,,
2024-01-05 21:00:00,Hillsborough,42.5,,,
2024-01-05 22:00:00,Hillsborough,42.5,,,
2024-01-05 23:00:00,Hillsborough,42.0,,,
2024-01-06 00:00:00,Hillsborough,42.5,4.783333333333333,42.0,
2024-01-06 01:00:00,Hillsborough,42.0,,,
2024-01-06 02:00:00,Hillsborough,42.5,,,
2024-01-06 03:00:00,Hillsborough,43.0,,,
2024-01-06 04:00:00,Hillsborough,43.5,,,
2024-01-06 05:00:00,Hillsborough,44.5,,,
2024-01-06 06:00:00,Hillsborough,44.5,,,
2024-01-06 07:00:00,Hillsborough,44.0,,,
2024-01-06 08:00:00,Hillsborough,44.5,3.8125,,
2024-01-06 09:00:00,Hillsborough,44.5,,,
2024-01-06 10:00:00,Hillsborough,45.0,,,
2024-01-06 11:00:00,Hillsborough,47.0,,,
2024-01-06 12:00:00,Hillsborough,49.5,,,
2024-01-06 13:00:00,Hillsborough,50.0,,,
2024-01-06 14:00:00,Hillsborough,49.5,,,
2024-01-06 15:00:00,Hillsborough,48.0,,,
2024-01-06 16:00:00,Hillsborough,47.0,5.933333333333334,,
2024-01-06 17:00:00,Hillsborough,46.0,,,
2024-01-06 18:00:00,Hillsborough,44.5,,,
2024-01-06 19:00:00,Hillsborough,44.0,,,
2024-01-06 20:00:00,Hillsborough,43.5,,,
2024-01-06 21:00:00,Hillsborough,42.5,,,
2024-01-06 22:00:00,Hillsborough,43.0,,,
2024-01-06 23:00:00,Hillsborough,43.0,,,
2024-01-07 00:00:00,Hillsborough,41.5,3.8875,38.0,
2024-01-07 01:00:00,Hillsborough,40.5,,,
2024-01-07 02:00:00,Hillsborough,39.5,,,
2024-01-07 03:00:00,Hillsborough,38.5,,,
2024-01-07 04:00:00,Hillsborough,37.5,,,
2024-01-07 05:00:00,Hillsborough,37.0,,,
2024-01-07 06:00:00,Hillsborough,37.5,,,
2024-01-07 07:00:00,Hillsborough,34.5,,,
2024-01-07 08:00:00,Hillsborough,34.5,2.6708333333333334,,
2024-01-07 09:00:00,Hillsborough,36.5,,,
2024-01-07 10:00:00,Hillsborough,38.0,,,
2024-01-07 11:00:00,Hillsborough,39.0,,,
2024-01-07 12:00:00,Hillsborough,40.5,,,
2024-01-07 13:00:00,Hillsborough,41.5,,,
2024-01-07 14:00:00,Hillsborough,42.0,,,
2024-01-07 15:00:00,Hillsborough,41.0,,,
2024-01-07 16:00:00,Hillsborough,39.5,5.95,,
2024-01-07 17:00:00,Hillsborough,37.5,,,
2024-01-07 18:00:00,Hillsborough,35.5,,,
2024-01-07 19:00:00,Hillsborough,34.5,,,
2024-01-07 20:00:00,Hillsborough,33.5,,,
2024-01-07 21:00:00,Hillsborough,33.5,,,
2024-01-07 22:00:00,Hillsborough,32.5,,,
2024-01-07 23:00:00,Hillsborough,33.0,,,
2024-01-08 00:00:00,Hillsborough,32.5,4.65,37.0,0.027119345238095227
2024-01-08 01:00:00,Hillsborough,32.5,,,
2024-01-08 02:00:00,Hillsborough,33.5,,,
2024-01-08 03:00:00,Hillsborough,33.0,,,
2024-01-08 04:00:00,Hillsborough,33.0,,,
2024-01-08 05:00:00,Hillsborough,33.0,,,
2024-01-08 06:00:00,Hillsborough,32.5,,,
2024-01-08 07:00:00,Hillsborough,33.0,,,
2024-01-08 08:00:00,Hillsborough,34.0,3.1333333333333333,,
2024-01-08 09:00:00,Hillsborough,36.5,,,
2024-01-08 10:00:00,Hillsborough,39.0,,,
2024-01-08 11:00:00,Hillsborough,41.5,,,
2024-01-08 12:00:00,Hillsborough,43.5,,,
2024-01-08 13:00:00,Hillsborough,44.5,,,
2024-01-08 14:00:00,Hillsborough,45.0,,,
2024-01-08 15:00:00,Hillsborough,45.0,,,
2024-01-08 16:00:00,Hillsborough,43.5,3.841666666666667,,
2024-01-08 17:00:00,Hillsborough,42.5,,,
2024-01-08 18:00:00,Hillsborough,42.5,,,
2024-01-08 19:00:00,Hillsborough,42.0,,,
2024-01-08 20:00:00,Hillsborough,42.0,,,
2024-01-08 21:00:00,Hillsborough,42.0,,,
2024-01-08 22:00:00,Hillsborough,42.0,,,
2024-01-08 23:00:00,Hillsborough,42.0,,,
2024-01-09 00:00:00,Hillsborough,42.5,3.058333333333333,50.0,
2024-01-09 01:00:00,Hillsborough,42.5,,,
2024-01-09 02:00:00,Hillsborough,42.0,,,
2024-01-09 03:00:00,Hillsborough,42.5,,,
2024-01-09 04:00:00,Hillsborough,43.0,,,
2024-01-09 05:00:00,Hillsborough,44.0,,,
2024-01-09 06:00:00,Hillsborough,44.5,,,
2024-01-09 07:00:00,Hillsborough,44.5,,,
2024-01-09 08:00:00,Hillsborough,45.0,5.4625,,
2024-01-09 09:00:00,Hillsborough,47.0,,,
2024-01-09 10:00:00,Hillsborough,48.5,,,
2024-01-09 11:00:00,Hillsborough,49.5,,,
2024-01-09 12:00:00,Hillsborough,50.0,,,
2024-01-09 13:00:00,Hillsborough,49.5,,,
2024-01-09 14:00:00,Hillsborough,48.5,,,
2024-01-09 15:00:00,Hillsborough,47.5,,,
2024-01-09 16:00:00,Hillsborough,47.0,6.079166666666667,,
2024-01-09 17:00:00,Hillsborough,41.0,,,
2024-01-09 18:00:00,Hillsborough,41.0,,,
2024-01-09 19:00:00,Hillsborough,41.5,,,
2024-01-09 20:00:00,Hillsborough,42.5,,,
2024-01-09 21:00:00,Hillsborough,43.5,,,
2024-01-09 22:00:00,Hillsborough,45.0,,,
2024-01-09 23:00:00,Hillsborough,46.0,,,
2024-01-10 00:00:00,Hillsborough,46.0,7.329166666666667,53.0,
2024-01-10 01:00:00,Hillsborough,46.5,,,
2024-01-10 02:00:00,Hillsborough,48.0,,,
2024-01-10 03:00:00,Hillsborough,47.5,,,
2024-01-10 04:00:00,Hillsborough,47.5,,,
2024-01-10 05:00:00,Hillsborough,47.5,,,
2024-01-10 06:00:00,Hillsborough,47.5,,,
2024-01-10 07:00:00,Hillsborough,47.5,,,
2024-01-10 08:00:00,Hillsborough,45.0,3.7916666666666665,,
2024-01-10 09:00:00,Hillsborough,46.0,,,
2024-01-10 10:00:00,Hillsborough,46.5,,,
2024-01-10 11:00:00,Hillsborough,47.5,,,
2024-01-10 12:00:00,Hillsborough,48.5,,,
2024-01-10 13:00:00,Hillsborough,48.5,,,
2024-01-10 14:00:00,Hillsborough,49.0,,,
2024-01-10 15:00:00,Hillsborough,47.5,,,
2024-01-10 16:00:00,Hillsborough,47.0,7.220833333333333,,
2024-01-10 17:00:00,Hillsborough,46.0,,,
2024-01-10 18:00:00,Hillsborough,43.5,,,
2024-01-10 19:00:00,Hillsborough,41.5,,,
2024-01-10 20:00:00,Hillsborough,41.0,,,
2024-01-10 21:00:00,Hillsborough,40.0,,,
2024-01-10 22:00:00,Hillsborough,39.0,,,
2024-01-10 23:00:00,Hillsborough,38.0,,,
2024-01-11 00:00:00,Hillsborough,37.5,6.9,52.0,
2024-01-11 01:00:00,Hillsborough,37.0,,,
2024-01-11 02:00:00,Hillsborough,36.0,,,
2024-01-11 03:00:00,Hillsborough,35.5,,,
2024-01-11 04:00:00,Hillsborough,36.0,,,
2024-01-11 05:00:00,Hillsborough,36.0,,,
2024-01-11 06:00:00,Hillsborough,36.0,,,
2024-01-11 07:00:00,Hillsborough,35.5,,,
2024-01-11 08:00:00,Hillsborough,37.5,3.68125,,
2024-01-11 09:00:00,Hillsborough,39.0,,,
2024-01-11 10:00:00,Hillsborough,41.5,,,
2024-01-11 11:00:00,Hillsborough,44.0,,,
2024-01-11 12:00:00,Hillsborough,46.0,,,
2024-01-11 13:00:00,Hillsborough,45.5,,,
2024-01-11 14:00:00,Hillsborough,47.0,,,
2024-01-11 15:00:00,Hillsborough,46.5,,,
2024-01-11 16:00:00,Hillsborough,45.5,5.679166666666667,,
2024-01-11 17:00:00,Hillsborough,44.5,,,
2024-01-11 18:00:00,Hillsborough,43.5,,,
2024-01-11 19:00:00,Hillsborough,43.0,,,
2024-01-11 20:00:00,Hillsborough,42.0,,,
2024-01-11 21:00:00,Hillsborough,41.5,,,
2024-01-11 22:00:00,Hillsborough,41.0,,,
2024-01-11 23:00:00,Hillsborough,41.0,,,
2024-01-12 00:00:00,Hillsborough,41.5,3.6416666666666666,46.0,
2024-01-12 01:00:00,Hillsborough,42.0,,,
2024-01-12 02:00:00,Hillsborough,42.0,,,
2024-01-12 03:00:00,Hillsborough,43.0,,,
2024-01-12 04:00:00,Hillsborough,43.5,,,
2024-01-12 05:00:00,Hillsborough,44.0,,,
2024-01-12 06:00:00,Hillsborough,44.5,,,
2024-01-12 07:00:00,Hillsborough,44.5,,,
2024-01-12 08:00:00,Hillsborough,45.5,3.4791666666666665,,
2024-01-12 09:00:00,Hillsborough,47.5,,,
2024-01-12 10:00:00,Hillsborough,50.0,,,
2024-01-12 11:00:00,Hillsborough,53.0,,,
2024-01-12 12:00:00,Hillsborough,55.5,,,
2024-01-12 13:00:00,Hillsborough,56.5,,,
2024-01-12 14:00:00,Hillsborough,57.5,,,
2024-01-12 15:00:00,Hillsborough,57.0,,,
2024-01-12 16:00:00,Hillsborough,55.5,4.8875,,
2024-01-12 17:00:00,Hillsborough,54.5,,,
2024-01-12 18:00:00,Hillsborough,53.0,,,
2024-01-12 19:00:00,Hillsborough,51.5,,,
2024-01-12 20:00:00,Hillsborough,50.5,,,
2024-01-12 21:00:00,Hillsborough,50.5,,,
2024-01-12 22:00:00,Hillsborough,51.5,,,
2024-01-12 23:00:00,Hillsborough,52.0,,,
2024-01-13 00:00:00,Hillsborough,52.0,7.441666666666666,56.0,
2024-01-13 01:00:00,Hillsborough,52.5,,,
2024-01-13 02:00:00,Hillsborough,52.0,,,
2024-01-13 03:00:00,Hillsborough,50.5,,,
2024-01-13 04:00:00,Hillsborough,50.0,,,
2024-01-13 05:00:00,Hillsborough,49.5,,,
2024-01-13 06:00:00,Hillsborough,48.5,,,
2024-01-13 07:00:00,Hillsborough,48.5,,,
2024-01-13 08:00:00,Hillsborough,48.5,7.354166666666667,,
2024-01-13 09:00:00,Hillsborough,48.5,,,
2024-01-13 10:00:00,Hillsborough,49.5,,,
2024-01-13 11:00:00,Hillsborough,51.0,,,
2024-01-13 12:00:00,Hillsborough,52.5,,,
2024-01-13 13:00:00,Hillsborough,53.0,,,
2024-01-13 14:00:00,Hillsborough,50.5,,,
2024-01-13 15:00:00,Hillsborough,49.5,,,
2024-01-13 16:00:00,Hillsborough,46.5,5.2375,,
2024-01-13 17:00:00,Hillsborough,44.5,,,
2024-01-13 18:00:00,Hillsborough,42.5,,,
2024-01-13 19:00:00,Hillsborough,41.0,,,
2024-01-13 20:00:00,Hillsborough,40.0,,,
2024-01-13 21:00:00,Hillsborough,38.5,,,
2024-01-13 22:00:00,Hillsborough,37.5,,,
2024-01-13 23:00:00,Hillsborough,37.0,,,
2024-01-14 00:00:00,Hillsborough,36.5,5.370833333333334,46.0,
2024-01-14 01:00:00,Hillsborough,36.0,,,
2024-01-14 02:00:00,Hillsborough,36.5,,,
2024-01-14 03:00:00,Hillsborough,36.0,,,
2024-01-14 04:00:00,Hillsborough,36.0,,,
2024-01-14 05:00:00,Hillsborough,35.5,,,
2024-01-14 06:00:00,Hillsborough,35.0,,,
2024-01-14 07:00:00,Hillsborough,34.5,,,
2024-01-14 08:00:00,Hillsborough,35.0,4.091666666666667,,
2024-01-14 09:00:00,Hillsborough,36.5,,,
2024-01-14 10:00:00,Hillsborough,37.5,,,
2024-01-14 11:00:00,Hillsborough,38.0,,,
2024-01-14 12:00:00,Hillsborough,39.0,,,
2024-01-14 13:00:00,Hillsborough,38.0,,,
2024-01-14 14:00:00,Hillsborough,38.5,,,
2024-01-14 15:00:00,Hillsborough,36.5,,,
2024-01-14 16:00:00,Hillsborough,36.0,5.391666666666667,,
2024-01-14 17:00:00,Hillsborough,35.5,,,
2024-01-14 18:00:00,Hillsborough,33.5,,,
2024-01-14 19:00:00,Hillsborough,32.5,,,
2024-01-14 20:00:00,Hillsborough,31.5,,,
2024-01-14 21:00:00,Hillsborough,32.0,,,
2024-01-14 22:00:00,Hillsborough,33.0,,,
2024-01-14 23:00:00,Hillsborough,33.0,,,
2024-01-15 00:00:00,Hillsborough,32.5,4.629166666666666,52.0,0.02704196428571427
2024-01-15 01:00:00,Hillsborough,32.0,,,
2024-01-15 02:00:00,Hillsborough,31.5,,,
2024-01-15 03:00:00,Hillsborough,31.0,,,
2024-01-15 04:00:00,Hillsborough,31.0,,,
2024-01-15 05:00:00,Hillsborough,53.0,,,
2024-01-15 06:00:00,Hillsborough,54.0,,,
2024-01-15 07:00:00,Hillsborough,56.0,,,
2024-01-15 08:00:00,Hillsborough,58.0,4.90625,,
2024-01-15 09:00:00,Hillsborough,62.0,,,
2024-01-15 10:00:00,Hillsborough,67.0,,,
2024-01-15 11:00:00,Hillsborough,69.0,,,
2024-01-15 12:00:00,Hillsborough,68.0,,,
2024-01-15 13:00:00,Hillsborough,67.0,,,
2024-01-15 14:00:00,Hillsborough,69.0,,,
2024-01-15 15:00:00,Hillsborough,69.0,,,
2024-01-15 16:00:00,Hillsborough,69.0,11.0125,,
2024-01-15 17:00:00,Hillsborough,68.0,,,
2024-01-15 18:00:00,Hillsborough,67.0,,,
2024-01-15 19:00:00,Hillsborough,66.0,,,
2024-01-15 20:00:00,Hillsborough,65.0,,,
2024-01-15 21:00:00,Hillsborough,65.0,,,
2024-01-15 22:00:00,Hillsborough,65.0,,,
2024-01-15 23:00:00,Hillsborough,64.0,,,
2024-01-16 00:00:00,Hillsborough,65.0,4.78125,42.0,
2024-01-16 01:00:00,Hillsborough,65.0,,,
2024-01-16 02:00:00,Hillsborough,65.0,,,
2024-01-16 03:00:00,Hillsborough,65.0,,,
2024-01-16 04:00:00,Hillsborough,66.0,,,
2024-01-16 05:00:00,Hillsborough,67.0,,,
2024-01-16 06:00:00,Hillsborough,68.0,,,
2024-01-16 07:00:00,Hillsborough,68.0,,,
2024-01-16 08:00:00,Hillsborough,69.0,5.139583333333333,,
2024-01-16 09:00:00,Hillsborough,70.0,,,
2024-01-16 10:00:00,Hillsborough,71.0,,,
2024-01-16 11:00:00,Hillsborough,73.0,,,
2024-01-16 12:00:00,Hillsborough,76.0,,,
2024-01-16 13:00:00,Hillsborough,44.0,,,
2024-01-16 14:00:00,Hillsborough,43.5,,,
2024-01-16 15:00:00,Hillsborough,44.0,,,
2024-01-16 16:00:00,Hillsborough,42.0,6.18125,,
2024-01-16 17:00:00,Hillsborough,40.5,,,
2024-01-16 18:00:00,Hillsborough,40.5,,,
2024-01-16 19:00:00,Hillsborough,39.0,,,
2024-01-16 20:00:00,Hillsborough,37.0,,,
2024-01-16 21:00:00,Hillsborough,36.0,,,
2024-01-16 22:00:00,Hillsborough,56.0,,,
2024-01-16 23:00:00,Hillsborough,54.0,,,
2024-01-17 00:00:00,Hillsborough,52.0,7.88125,48.0,
2024-01-17 01:00:00,Hillsborough,51.0,,,
2024-01-17 02:00:00,Hillsborough,50.0,,,
2024-01-17 03:00:00,Hillsborough,50.0,,,
2024-01-17 04:00:00,Hillsborough,48.0,,,
2024-01-17 05:00:00,Hillsborough,43.0,,,
2024-01-17 06:00:00,Hillsborough,40.0,,,
2024-01-17 07:00:00,Hillsborough,39.0,,,
2024-01-17 08:00:00,Hillsborough,40.0,5.404166666666667,,
2024-01-17 09:00:00,Hillsborough,43.0,,,
2024-01-17 10:00:00,Hillsborough,47.0,,,
2024-01-17 11:00:00,Hillsborough,51.0,,,
2024-01-17 12:00:00,Hillsborough,55.0,,,
2024-01-17 13:00:00,Hillsborough,58.0,,,
2024-01-17 14:00:00,Hillsborough,59.0,,,
2024-01-17 15:00:00,Hillsborough,60.0,,,
2024-01-17 16:00:00,Hillsborough,61.0,6.225,,
2024-01-17 17:00:00,Hillsborough,56.0,,,
2024-01-17 18:00:00,Hillsborough,50.0,,,
2024-01-17 19:00:00,Hillsborough,48.0,,,
2024-01-17 20:00:00,Hillsborough,46.0,,,
2024-01-17 21:00:00,Hillsborough,45.0,,,
2024-01-17 22:00:00,Hillsborough,44.0,,,
2024-01-17 23:00:00,Hillsborough,44.0,,,
2024-01-18 00:00:00,Hillsborough,44.0,4.8999999999999995,42.0,
2024-01-18 01:00:00,Hillsborough,43.0,,,
2024-01-18 02:00:00,Hillsborough,44.0,,,
2024-01-18 03:00:00,Hillsborough,45.0,,,
2024-01-18 04:00:00,Hillsborough,46.0,,,
2024-01-18 05:00:00,Hillsborough,47.0,,,
2024-01-18 06:00:00,Hillsborough,48.0,,,
2024-01-18 07:00:00,Hillsborough,27.5,,,
2024-01-18 08:00:00,Hillsborough,30.0,3.9458333333333333,,
2024-01-18 09:00:00,Hillsborough,33.5,,,
2024-01-18 10:00:00,Hillsborough,39.0,,,
2024-01-18 11:00:00,Hillsborough,42.5,,,
2024-01-18 12:00:00,Hillsborough,43.0,,,
2024-01-18 13:00:00,Hillsborough,43.0,,,
2024-01-18 14:00:00,Hillsborough,40.0,,,
2024-01-18 15:00:00,Hillsborough,37.0,,,
2024-01-18 16:00:00,Hillsborough,36.0,6.591666666666667,,
2024-01-18 17:00:00,Hillsborough,36.0,,,
2024-01-18 18:00:00,Hillsborough,35.5,,,
2024-01-18 19:00:00,Hillsborough,35.5,,,
2024-01-18 20:00:00,Hillsborough,35.0,,,
2024-01-18 21:00:00,Hillsborough,35.0,,,
2024-01-18 22:00:00,Hillsborough,34.0,,,
2024-01-18 23:00:00,Hillsborough,34.0,,,
2024-01-19 00:00:00,Hillsborough,33.5,6.45,42.0,
2024-01-19 01:00:00,Hillsborough,33.5,,,
2024-01-19 02:00:00,Hillsborough,34.0,,,
2024-01-19 03:00:00,Hillsborough,34.0,,,
2024-01-19 04:00:00,Hillsborough,35.0,,,
2024-01-19 05:00:00,Hillsborough,35.0,,,
2024-01-19 06:00:00,Hillsborough,34.5,,,
2024-01-19 07:00:00,Hillsborough,35.0,,,
2024-01-19 08:00:00,Hillsborough,35.0,4.429166666666667,,
2024-01-19 09:00:00,Hillsborough,37.5,,,
2024-01-19 10:00:00,Hillsborough,40.0,,,
2024-01-19 11:00:00,Hillsborough,42.5,,,
2024-01-19 12:00:00,Hillsborough,43.5,,,
2024-01-19 13:00:00,Hillsborough,43.5,,,
2024-01-19 14:00:00,Hillsborough,42.5,,,
2024-01-19 15:00:00,Hillsborough,41.0,,,
2024-01-19 16:00:00,Hillsborough,40.5,5.279166666666667,,
2024-01-19 17:00:00,Hillsborough,39.0,,,
2024-01-19 18:00:00,Hillsborough,36.5,,,
2024-01-19 19:00:00,Hillsborough,34.5,,,
2024-01-19 20:00:00,Hillsborough,32.5,,,
2024-01-19 21:00:00,Hillsborough,31.0,,,
2024-01-19 22:00:00,Hillsborough,30.0,,,
2024-01-19 23:00:00,Hillsborough,29.0,,,
2024-01-20 00:00:00,Hillsborough,28.5,6.25,52.0,
2024-01-20 01:00:00,Hillsborough,28.0,,,
2024-01-20 02:00:00,Hillsborough,26.5,,,
2024-01-20 03:00:00,Hillsborough,25.5,,,
2024-01-20 04:00:00,Hillsborough,25.0,,,
2024-01-20 05:00:00,Hillsborough,23.5,,,
2024-01-20 06:00:00,Hillsborough,23.0,,,
2024-01-20 07:00:00,Hillsborough,22.0,,,
2024-01-20 08:00:00,Hillsborough,22.5,5.020833333333334,,
2024-01-20 09:00:00,Hillsborough,24.5,,,
2024-01-20 10:00:00,Hillsborough,27.0,,,
2024-01-20 11:00:00,Hillsborough,28.0,,,
2024-01-20 12:00:00,Hillsborough,31.0,,,
2024-01-20 13:00:00,Hillsborough,31.5,,,
2024-01-20 14:00:00,Hillsborough,32.0,,,
2024-01-20 15:00:00,Hillsborough,31.0,,,
2024-01-20 16:00:00,Hillsborough,31.0,7.070833333333334,,
2024-01-20 17:00:00,Hillsborough,29.5,,,
2024-01-20 18:00:00,Hillsborough,27.0,,,
2024-01-20 19:00:00,Hillsborough,25.5,,,
2024-01-20 20:00:00,Hillsborough,24.5,,,
2024-01-20 21:00:00,Hillsborough,23.5,,,
2024-01-20 22:00:00,Hillsborough,23.0,,,
2024-01-20 23:00:00,Hillsborough,22.5,,,
2024-01-21 00:00:00,Hillsborough,22.0,8.770833333333334,50.0,
2024-01-21 01:00:00,Hillsborough,20.5,,,
2024-01-21 02:00:00,Hillsborough,20.0,,,
2024-01-21 03:00:00,Hillsborough,19.5,,,
2024-01-21 04:00:00,Hillsborough,18.5,,,
2024-01-21 05:00:00,Hillsborough,18.0,,,
2024-01-21 06:00:00,Hillsborough,17.5,,,
2024-01-21 07:00:00,Hillsborough,17.5,,,
2024-01-21 08:00:00,Hillsborough,19.0,3.9625,,
2024-01-21 09:00:00,Hillsborough,23.0,,,
2024-01-21 10:00:00,Hillsborough,27.5,,,
2024-01-21 11:00:00,Hillsborough,31.0,,,
2024-01-21 12:00:00,Hillsborough,34.5,,,
2024-01-21 13:00:00,Hillsborough,37.0,,,
2024-01-21 14:00:00,Hillsborough,38.5,,,
2024-01-21 15:00:00,Hillsborough,39.0,,,
2024-01-21 16:00:00,Hillsborough,37.0,4.270833333333333,,
2024-01-21 17:00:00,Hillsborough,33.5,,,
2024-01-21 18:00:00,Hillsborough,31.5,,,
2024-01-21 19:00:00,Hillsborough,30.5,,,
2024-01-21 20:00:00,Hillsborough,29.0,,,
2024-01-21 21:00:00,Hillsborough,28.0,,,
2024-01-21 22:00:00,Hillsborough,27.0,,,
2024-01-21 23:00:00,Hillsborough,26.5,,,
2024-01-22 00:00:00,Hillsborough,26.5,4.3875,38.0,0.02766160714285713
2024-01-22 01:00:00,Hillsborough,26.5,,,
2024-01-22 02:00:00,Hillsborough,25.5,,,
2024-01-22 03:00:00,Hillsborough,25.5,,,
2024-01-22 04:00:00,Hillsborough,26.0,,,
2024-01-22 05:00:00,Hillsborough,26.5,,,
2024-01-22 06:00:00,Hillsborough,27.5,,,
2024-01-22 07:00:00,Hillsborough,29.0,,,
2024-01-22 08:00:00,Hillsborough,32.0,3.34375,,
2024-01-22 09:00:00,Hillsborough,36.0,,,
2024-01-22 10:00:00,Hillsborough,39.5,,,
2024-01-22 11:00:00,Hillsborough,44.0,,,
2024-01-22 12:00:00,Hillsborough,46.0,,,
2024-01-22 13:00:00,Hillsborough,46.0,,,
2024-01-22 14:00:00,Hillsborough,47.0,,,
2024-01-22 15:00:00,Hillsborough,46.0,,,
2024-01-22 16:00:00,Hillsborough,46.0,4.175,,
2024-01-22 17:00:00,Hillsborough,44.5,,,
2024-01-22 18:00:00,Hillsborough,43.5,,,
2024-01-22 19:00:00,Hillsborough,43.0,,,
2024-01-22 20:00:00,Hillsborough,42.5,,,
2024-01-22 21:00:00,Hillsborough,41.5,,,
2024-01-22 22:00:00,Hillsborough,41.5,,,
2024-01-22 23:00:00,Hillsborough,41.0,,,
2024-01-23 00:00:00,Hillsborough,41.0,3.691666666666667,42.0,
2024-01-23 01:00:00,Hillsborough,40.0,,,
2024-01-23 02:00:00,Hillsborough,41.0,,,
2024-01-23 03:00:00,Hillsborough,41.5,,,
2024-01-23 04:00:00,Hillsborough,41.0,,,
2024-01-23 05:00:00,Hillsborough,41.5,,,
2024-01-23 06:00:00,Hillsborough,41.5,,,
2024-01-23 07:00:00,Hillsborough,42.5,,,
2024-01-23 08:00:00,Hillsborough,43.5,4.191666666666666,,
2024-01-23 09:00:00,Hillsborough,45.5,,,
2024-01-23 10:00:00,Hillsborough,48.0,,,
2024-01-23 11:00:00,Hillsborough,50.0,,,
2024-01-23 12:00:00,Hillsborough,50.5,,,
2024-01-23 13:00:00,Hillsborough,51.5,,,
2024-01-23 14:00:00,Hillsborough,53.0,,,
2024-01-23 15:00:00,Hillsborough,53.5,,,
2024-01-23 16:00:00,Hillsborough,52.5,5.933333333333334,,
2024-01-23 17:00:00,Hillsborough,49.5,,,
2024-01-23 18:00:00,Hillsborough,47.5,,,
2024-01-23 19:00:00,Hillsborough,46.5,,,
2024-01-23 20:00:00,Hillsborough,45.5,,,
2024-01-23 21:00:00,Hillsborough,44.5,,,
2024-01-23 22:00:00,Hillsborough,44.5,,,
2024-01-23 23:00:00,Hillsborough,44.0,,,
2024-01-24 00:00:00,Hillsborough,43.5,3.625,38.0,
2024-01-24 01:00:00,Hillsborough,43.5,,,
2024-01-24 02:00:00,Hillsborough,43.5,,,
2024-01-24 03:00:00,Hillsborough,43.5,,,
2024-01-24 04:00:00,Hillsborough,43.5,,,
2024-01-24 05:00:00,Hillsborough,43.5,,,
2024-01-24 06:00:00,Hillsborough,43.5,,,
2024-01-24 07:00:00,Hillsborough,44.0,,,
2024-01-24 08:00:00,Hillsborough,45.5,4.05,,
2024-01-24 09:00:00,Hillsborough,47.5,,,
2024-01-24 10:00:00,Hillsborough,50.0,,,
2024-01-24 11:00:00,Hillsborough,51.5,,,
2024-01-24 12:00:00,Hillsborough,52.5,,,
2024-01-24 13:00:00,Hillsborough,53.5,,,
2024-01-24 14:00:00,Hillsborough,54.5,,,
2024-01-24 15:00:00,Hillsborough,55.0,,,
2024-01-24 16:00:00,Hillsborough,54.5,4.279166666666667,,
2024-01-24 17:00:00,Hillsborough,54.0,,,
2024-01-24 18:00:00,Hillsborough,53.0,,,
2024-01-24 19:00:00,Hillsborough,52.0,,,
2024-01-24 20:00:00,Hillsborough,51.5,,,
2024-01-24 21:00:00,Hillsborough,51.5,,,
2024-01-24 22:00:00,Hillsborough,51.5,,,
2024-01-24 23:00:00,Hillsborough,52.5,,,
2024-01-25 00:00:00,Hillsborough,51.5,3.7958333333333334,43.0,
2024-01-25 01:00:00,Hillsborough,51.5,,,
2024-01-25 02:00:00,Hillsborough,52.0,,,
2024-01-25 03:00:00,Hillsborough,52.0,,,
2024-01-25 04:00:00,Hillsborough,52.0,,,
2024-01-25 05:00:00,Hillsborough,52.0,,,
2024-01-25 06:00:00,Hillsborough,52.0,,,
2024-01-25 07:00:00,Hillsborough,52.5,,,
2024-01-25 08:00:00,Hillsborough,53.0,4.429166666666666,,
2024-01-25 09:00:00,Hillsborough,54.5,,,
2024-01-25 10:00:00,Hillsborough,57.0,,,
2024-01-25 11:00:00,Hillsborough,59.0,,,
2024-01-25 12:00:00,Hillsborough,60.0,,,
2024-01-25 13:00:00,Hillsborough,60.5,,,
2024-01-25 14:00:00,Hillsborough,60.5,,,
2024-01-25 15:00:00,Hillsborough,60.5,,,
2024-01-25 16:00:00,Hillsborough,60.5,5.675,,
2024-01-25 17:00:00,Hillsborough,58.0,,,
2024-01-25 18:00:00,Hillsborough,56.0,,,
2024-01-25 19:00:00,Hillsborough,55.0,,,
2024-01-25 20:00:00,Hillsborough,53.0,,,
2024-01-25 21:00:00,Hillsborough,50.5,,,
2024-01-25 22:00:00,Hillsborough,49.5,,,
2024-01-25 23:00:00,Hillsborough,50.0,,,
2024-01-26 00:00:00,Hillsborough,50.0,5.170833333333333,52.0,
2024-01-26 01:00:00,Hillsborough,49.5,,,
2024-01-26 02:00:00,Hillsborough,48.5,,,
2024-01-26 03:00:00,Hillsborough,48.5,,,
2024-01-26 04:00:00,Hillsborough,47.5,,,
2024-01-26 05:00:00,Hillsborough,48.0,,,
2024-01-26 06:00:00,Hillsborough,47.5,,,
2024-01-26 07:00:00,Hillsborough,47.0,,,
2024-01-26 08:00:00,Hillsborough,48.5,5.1875,,
2024-01-26 09:00:00,Hillsborough,50.5,,,
2024-01-26 10:00:00,Hillsborough,52.0,,,
2024-01-26 11:00:00,Hillsborough,54.0,,,
2024-01-26 12:00:00,Hillsborough,54.0,,,
2024-01-26 13:00:00,Hillsborough,55.0,,,
2024-01-26 14:00:00,Hillsborough,55.0,,,
2024-01-26 15:00:00,Hillsborough,55.0,,,
2024-01-26 16:00:00,Hillsborough,54.0,6.708333333333334,,
2024-01-26 17:00:00,Hillsborough,53.0,,,
2024-01-26 18:00:00,Hillsborough,51.5,,,
2024-01-26 19:00:00,Hillsborough,51.0,,,
2024-01-26 20:00:00,Hillsborough,50.0,,,
2024-01-26 21:00:00,Hillsborough,49.0,,,
2024-01-26 22:00:00,Hillsborough,47.5,,,
2024-01-26 23:00:00,Hillsborough,47.0,,,
2024-01-27 00:00:00,Hillsborough,47.0,5.795833333333333,54.0,
2024-01-27 01:00:00,Hillsborough,46.5,,,
2024-01-27 02:00:00,Hillsborough,46.0,,,
2024-01-27 03:00:00,Hillsborough,46.0,,,
2024-01-27 04:00:00,Hillsborough,45.5,,,
2024-01-27 05:00:00,Hillsborough,45.0,,,
2024-01-27 06:00:00,Hillsborough,45.0,,,
2024-01-27 07:00:00,Hillsborough,46.0,,,
2024-01-27 08:00:00,Hillsborough,48.5,2.395833333333333,,
2024-01-27 09:00:00,Hillsborough,50.5,,,
2024-01-27 10:00:00,Hillsborough,53.0,,,
2024-01-27 11:00:00,Hillsborough,55.0,,,
2024-01-27 12:00:00,Hillsborough,55.5,,,
2024-01-27 13:00:00,Hillsborough,57.0,,,
2024-01-27 14:00:00,Hillsborough,56.5,,,
2024-01-27 15:00:00,Hillsborough,56.0,,,
2024-01-27 16:00:00,Hillsborough,55.0,4.933333333333334,,
2024-01-27 17:00:00,Hillsborough,52.5,,,
2024-01-27 18:00:00,Hillsborough,51.5,,,
2024-01-27 19:00:00,Hillsborough,50.5,,,
2024-01-27 20:00:00,Hillsborough,50.0,,,
2024-01-27 21:00:00,Hillsborough,50.0,,,
2024-01-27 22:00:00,Hillsborough,49.5,,,
2024-01-27 23:00:00,Hillsborough,49.0,,,
2024-01-28 00:00:00,Hillsborough,48.5,3.7125,36.0,
2024-01-28 01:00:00,Hillsborough,48.5,,,
2024-01-28 02:00:00,Hillsborough,49.0,,,
2024-01-28 03:00:00,Hillsborough,49.0,,,
2024-01-28 04:00:00,Hillsborough,49.0,,,
2024-01-28 05:00:00,Hillsborough,49.5,,,
2024-01-28 06:00:00,Hillsborough,49.0,,,
2024-01-28 07:00:00,Hillsborough,49.0,,,
2024-01-28 08:00:00,Hillsborough,48.0,3.591666666666667,,
2024-01-28 09:00:00,Hillsborough,47.5,,,
2024-01-28 10:00:00,Hillsborough,47.0,,,
2024-01-28 11:00:00,Hillsborough,46.0,,,
2024-01-28 12:00:00,Hillsborough,47.0,,,
2024-01-28 13:00:00,Hillsborough,47.5,,,
2024-01-28 14:00:00,Hillsborough,46.5,,,
2024-01-28 15:00:00,Hillsborough,45.5,,,
2024-01-28 16:00:00,Hillsborough,44.5,3.841666666666667,,
2024-01-28 17:00:00,Hillsborough,42.5,,,
2024-01-28 18:00:00,Hillsborough,41.5,,,
2024-01-28 19:00:00,Hillsborough,41.0,,,
2024-01-28 20:00:00,Hillsborough,40.5,,,
2024-01-28 21:00:00,Hillsborough,40.0,,,
2024-01-28 22:00:00,Hillsborough,39.5,,,
2024-01-28 23:00:00,Hillsborough,39.5,,,
2024-01-29 00:00:00,Hillsborough,39.0,3.279166666666667,33.0,0.034082043650793634
2024-01-29 01:00:00,Hillsborough,39.0,,,
2024-01-29 02:00:00,Hillsborough,38.5,,,
2024-01-29 03:00:00,Hillsborough,38.0,,,
2024-01-29 04:00:00,Hillsborough,38.5,,,
2024-01-29 05:00:00,Hillsborough,38.0,,,
2024-01-29 06:00:00,Hillsborough,37.5,,,
2024-01-29 07:00:00,Hillsborough,37.0,,,
2024-01-29 08:00:00,Hillsborough,37.0,2.2125,,
2024-01-29 09:00:00,Hillsborough,37.5,,,
2024-01-29 10:00:00,Hillsborough,38.5,,,
2024-01-29 11:00:00,Hillsborough,39.0,,,
2024-01-29 12:00:00,Hillsborough,39.5,,,
2024-01-29 13:00:00,Hillsborough,40.0,,,
2024-01-29 14:00:00,Hillsborough,40.5,,,
2024-01-29 15:00:00,Hillsborough,40.0,,,
2024-01-29 16:00:00,Hillsborough,39.5,5.7875,,
2024-01-29 17:00:00,Hillsborough,38.5,,,
2024-01-29 18:00:00,Hillsborough,36.5,,,
2024-01-29 19:00:00,Hillsborough,35.5,,,
2024-01-29 20:00:00,Hillsborough,35.0,,,
2024-01-29 21:00:00,Hillsborough,34.0,,,
2024-01-29 22:00:00,Hillsborough,33.0,,,
2024-01-29 23:00:00,Hillsborough,33.0,,,
2024-01-30 00:00:00,Hillsborough,32.5,6.741666666666666,51.0,
2024-01-30 01:00:00,Hillsborough,32.0,,,
2024-01-30 02:00:00,Hillsborough,32.5,,,
2024-01-30 03:00:00,Hillsborough,32.5,,,
2024-01-30 04:00:00,Hillsborough,31.0,,,
2024-01-30 05:00:00,Hillsborough,31.0,,,
2024-01-30 06:00:00,Hillsborough,30.5,,,
2024-01-30 07:00:00,Hillsborough,30.5,,,
2024-01-30 08:00:00,Hillsborough,33.0,4.88125,,
2024-01-30 09:00:00,Hillsborough,36.0,,,
2024-01-30 10:00:00,Hillsborough,40.0,,,
2024-01-30 11:00:00,Hillsborough,42.0,,,
2024-01-30 12:00:00,Hillsborough,41.0,,,
2024-01-30 13:00:00,Hillsborough,41.5,,,
2024-01-30 14:00:00,Hillsborough,42.0,,,
2024-01-30 15:00:00,Hillsborough,41.0,,,
2024-01-30 16:00:00,Hillsborough,39.5,5.1625,,
2024-01-30 17:00:00,Hillsborough,38.0,,,
2024-01-30 18:00:00,Hillsborough,35.5,,,
2024-01-30 19:00:00,Hillsborough,33.5,,,
2024-01-30 20:00:00,Hillsborough,31.5,,,
2024-01-30 21:00:00,Hillsborough,31.0,,,
2024-01-30 22:00:00,Hillsborough,30.5,,,
2024-01-30 23:00:00,Hillsborough,31.0,,,
2024-01-31 00:00:00,Hillsborough,31.0,4.68125,50.0,
2024-01-31 01:00:00,Hillsborough,30.5,,,
2024-01-31 02:00:00,Hillsborough,30.5,,,
2024-01-31 03:00:00,Hillsborough,30.5,,,
2024-01-31 04:00:00,Hillsborough,30.0,,,
2024-01-31 05:00:00,Hillsborough,30.0,,,
2024-01-31 06:00:00,Hillsborough,30.0,,,
2024-01-31 07:00:00,Hillsborough,30.5,,,
2024-01-31 08:00:00,Hillsborough,35.0,5.1875,,
2024-01-31 09:00:00,Hillsborough,40.0,,,
2024-01-31 10:00:00,Hillsborough,43.0,,,
2024-01-31 11:00:00,Hillsborough,45.0,,,
2024-01-31 12:00:00,Hillsborough,46.0,,,
2024-01-31 13:00:00,Hillsborough,46.5,,,
2024-01-31 14:00:00,Hillsborough,46.0,,,
2024-01-31 15:00:00,Hillsborough,46.0,,,
2024-01-31 16:00:00,Hillsborough,45.0,4.10625,,
2024-01-31 17:00:00,Hillsborough,43.5,,,
2024-01-31 18:00:00,Hillsborough,41.0,,,
2024-01-31 19:00:00,Hillsborough,39.5,,,
2024-01-31 20:00:00,Hillsborough,38.5,,,
2024-01-31 21:00:00,Hillsborough,37.5,,,
2024-01-31 22:00:00,Hillsborough,37.0,,,
2024-01-31 23:00:00,Hillsborough,37.0,,,
2024-02-01 00:00:00,Hillsborough,37.0,8.904166666666667,56.0,
2024-02-01 01:00:00,Hillsborough,35.5,,,
2024-02-01 02:00:00,Hillsborough,35.0,,,
2024-02-01 03:00:00,Hillsborough,34.5,,,
2024-02-01 04:00:00,Hillsborough,33.5,,,
2024-02-01 05:00:00,Hillsborough,33.5,,,
2024-02-01 06:00:00,Hillsborough,33.5,,,
2024-02-01 07:00:00,Hillsborough,34.0,,,
2024-02-01 08:00:00,Hillsborough,36.0,8.85,,
2024-02-01 09:00:00,Hillsborough,40.0,,,
2024-02-01 10:00:00,Hillsborough,43.0,,,
2024-02-01 11:00:00,Hillsborough,45.0,,,
2024-02-01 12:00:00,Hillsborough,46.5,,,
2024-02-01 13:00:00,Hillsborough,48.5,,,
2024-02-01 14:00:00,Hillsborough,49.5,,,
2024-02-01 15:00:00,Hillsborough,49.5,,,
2024-02-01 16:00:00,Hillsborough,48.5,6.904166666666667,,
2024-02-01 17:00:00,Hillsborough,46.5,,,
2024-02-01 18:00:00,Hillsborough,44.0,,,
2024-02-01 19:00:00,Hillsborough,42.5,,,
2024-02-01 20:00:00,Hillsborough,41.0,,,
2024-02-01 21:00:00,Hillsborough,40.0,,,
2024-02-01 22:00:00,Hillsborough,39.5,,,
2024-02-01 23:00:00,Hillsborough,39.5,,,
2024-02-02 00:00:00,Hillsborough,39.5,10.077083333333333,56.0,
2024-02-02 01:00:00,Hillsborough,39.5,,,
2024-02-02 02:00:00,Hillsborough,39.5,,,
2024-02-02 03:00:00,Hillsborough,39.0,,,
2024-02-02 04:00:00,Hillsborough,38.5,,,
2024-02-02 05:00:00,Hillsborough,38.0,,,
2024-02-02 06:00:00,Hillsborough,37.5,,,
2024-02-02 07:00:00,Hillsborough,37.5,,,
2024-02-02 08:00:00,Hillsborough,49.0,9.606250000000001,,
2024-02-02 09:00:00,Hillsborough,42.5,,,
2024-02-02 10:00:00,Hillsborough,44.5,,,
2024-02-02 11:00:00,Hillsborough,47.0,,,
2024-02-02 12:00:00,Hillsborough,48.5,,,
2024-02-02 13:00:00,Hillsborough,49.5,,,
2024-02-02 14:00:00,Hillsborough,50.0,,,
2024-02-02 15:00:00,Hillsborough,49.5,,,
2024-02-02 16:00:00,Hillsborough,48.5,7.058333333333334,,
2024-02-02 17:00:00,Hillsborough,46.0,,,
2024-02-02 18:00:00,Hillsborough,43.5,,,
2024-02-02 19:00:00,Hillsborough,41.5,,,
2024-02-02 20:00:00,Hillsborough,39.0,,,
2024-02-02 21:00:00,Hillsborough,37.5,,,
2024-02-02 22:00:00,Hillsborough,36.5,,,
2024-02-02 23:00:00,Hillsborough,35.0,,,
2024-02-03 00:00:00,Hillsborough,34.5,10.658333333333333,63.0,
2024-02-03 01:00:00,Hillsborough,33.5,,,
2024-02-03 02:00:00,Hillsborough,32.0,,,
2024-02-03 03:00:00,Hillsborough,30.0,,,
2024-02-03 04:00:00,Hillsborough,30.0,,,
2024-02-03 05:00:00,Hillsborough,31.0,,,
2024-02-03 06:00:00,Hillsborough,31.0,,,
2024-02-03 07:00:00,Hillsborough,30.0,,,
2024-02-03 08:00:00,Hillsborough,31.0,9.1,,
2024-02-03 09:00:00,Hillsborough,33.5,,,
2024-02-03 10:00:00,Hillsborough,39.0,,,
2024-02-03 11:00:00,Hillsborough,44.0,,,
2024-02-03 12:00:00,Hillsborough,46.5,,,
2024-02-03 13:00:00,Hillsborough,47.5,,,
2024-02-03 14:00:00,Hillsborough,48.5,,,
2024-02-03 15:00:00,Hillsborough,48.5,,,
2024-02-03 16:00:00,Hillsborough,48.0,12.866666666666667,,
2024-02-03 17:00:00,Hillsborough,45.5,,,
2024-02-03 18:00:00,Hillsborough,40.5,,,
2024-02-03 19:00:00,Hillsborough,38.5,,,
2024-02-03 20:00:00,Hillsborough,37.0,,,
2024-02-03 21:00:00,Hillsborough,34.5,,,
2024-02-03 22:00:00,Hillsborough,33.5,,,
2024-02-03 23:00:00,Hillsborough,32.5,,,
2024-02-04 00:00:00,Hillsborough,33.0,8.9375,47.0,
2024-02-04 01:00:00,Hillsborough,34.0,,,
2024-02-04 02:00:00,Hillsborough,35.0,,,
2024-02-04 03:00:00,Hillsborough,35.0,,,
2024-02-04 04:00:00,Hillsborough,34.5,,,
2024-02-04 05:00:00,Hillsborough,35.5,,,
2024-02-04 06:00:00,Hillsborough,36.5,,,
2024-02-04 07:00:00,Hillsborough,38.0,,,
2024-02-04 08:00:00,Hillsborough,38.5,4.179166666666667,,
2024-02-04 09:00:00,Hillsborough,39.5,,,
2024-02-04 10:00:00,Hillsborough,41.0,,,
2024-02-04 11:00:00,Hillsborough,44.5,,,
2024-02-04 12:00:00,Hillsborough,46.0,,,
2024-02-04 13:00:00,Hillsborough,47.5,,,
2024-02-04 14:00:00,Hillsborough,48.5,,,
2024-02-04 15:00:00,Hillsborough,48.5,,,
2024-02-04 16:00:00,Hillsborough,48.0,5.891666666666667,,
2024-02-04 17:00:00,Hillsborough,46.0,,,
2024-02-04 18:00:00,Hillsborough,45.0,,,
2024-02-04 19:00:00,Hillsborough,43.5,,,
2024-02-04 20:00:00,Hillsborough,41.5,,,
2024-02-04 21:00:00,Hillsborough,40.5,,,
2024-02-04 22:00:00,Hillsborough,38.0,,,
2024-02-04 23:00:00,Hillsborough,36.0,,,
2024-02-05 00:00:00,Hillsborough,35.0,4.820833333333334,42.0,0.03276666666666665
2024-02-05 01:00:00,Hillsborough,34.0,,,
2024-02-05 02:00:00,Hillsborough,33.0,,,
2024-02-05 03:00:00,Hillsborough,32.5,,,
2024-02-05 04:00:00,Hillsborough,33.5,,,
2024-02-05 05:00:00,Hillsborough,34.0,,,
2024-02-05 06:00:00,Hillsborough,34.0,,,
2024-02-05 07:00:00,Hillsborough,33.5,,,
2024-02-05 08:00:00,Hillsborough,35.5,2.0625,,
2024-02-05 09:00:00,Hillsborough,37.5,,,
2024-02-05 10:00:00,Hillsborough,38.5,,,
2024-02-05 11:00:00,Hillsborough,39.5,,,
2024-02-05 12:00:00,Hillsborough,42.5,,,
2024-02-05 13:00:00,Hillsborough,45.0,,,
2024-02-05 14:00:00,Hillsborough,45.0,,,
2024-02-05 15:00:00,Hillsborough,44.0,,,
2024-02-05 16:00:00,Hillsborough,43.0,3.341666666666667,,
2024-02-05 17:00:00,Hillsborough,42.0,,,
2024-02-05 18:00:00,Hillsborough,40.5,,,
2024-02-05 19:00:00,Hillsborough,39.0,,,
2024-02-05 20:00:00,Hillsborough,38.0,,,
2024-02-05 21:00:00,Hillsborough,36.5,,,
2024-02-05 22:00:00,Hillsborough,35.5,,,
2024-02-05 23:00:00,Hillsborough,35.5,,,
2024-02-06 00:00:00,Hillsborough,35.5,2.975,41.0,
2024-02-06 01:00:00,Hillsborough,35.0,,,
2024-02-06 02:00:00,Hillsborough,34.5,,,
2024-02-06 03:00:00,Hillsborough,33.5,,,
2024-02-06 04:00:00,Hillsborough,34.0,,,
2024-02-06 05:00:00,Hillsborough,34.0,,,
2024-02-06 06:00:00,Hillsborough,33.5,,,
2024-02-06 07:00:00,Hillsborough,34.0,,,
2024-02-06 08:00:00,Hillsborough,35.5,2.9625,,
2024-02-06 09:00:00,Hillsborough,38.0,,,
2024-02-06 10:00:00,Hillsborough,40.5,,,
2024-02-06 11:00:00,Hillsborough,43.0,,,
2024-02-06 12:00:00,Hillsborough,45.0,,,
2024-02-06 13:00:00,Hillsborough,46.5,,,
2024-02-06 14:00:00,Hillsborough,47.0,,,
2024-02-06 15:00:00,Hillsborough,47.0,,,
2024-02-06 16:00:00,Hillsborough,46.0,3.1833333333333336,,
2024-02-06 17:00:00,Hillsborough,45.5,,,
2024-02-06 18:00:00,Hillsborough,43.0,,,
2024-02-06 19:00:00,Hillsborough,42.0,,,
2024-02-06 20:00:00,Hillsborough,41.0,,,
2024-02-06 21:00:00,Hillsborough,39.5,,,
2024-02-06 22:00:00,Hillsborough,39.0,,,
2024-02-06 23:00:00,Hillsborough,37.0,,,
2024-02-07 00:00:00,Hillsborough,36.0,4.125,53.0,
2024-02-07 01:00:00,Hillsborough,35.5,,,
2024-02-07 02:00:00,Hillsborough,34.5,,,
2024-02-07 03:00:00,Hillsborough,34.0,,,
2024-02-07 04:00:00,Hillsborough,33.0,,,
2024-02-07 05:00:00,Hillsborough,33.5,,,
2024-02-07 06:00:00,Hillsborough,33.5,,,
2024-02-07 07:00:00,Hillsborough,34.5,,,
2024-02-07 08:00:00,Hillsborough,37.0,5.402083333333334,,
2024-02-07 09:00:00,Hillsborough,41.0,,,
2024-02-07 10:00:00,Hillsborough,44.0,,,
2024-02-07 11:00:00,Hillsborough,47.0,,,
2024-02-07 12:00:00,Hillsborough,49.0,,,
2024-02-07 13:00:00,Hillsborough,51.0,,,
2024-02-07 14:00:00,Hillsborough,52.0,,,
2024-02-07 15:00:00,Hillsborough,52.5,,,
2024-02-07 16:00:00,Hillsborough,50.5,5.35,,
2024-02-07 17:00:00,Hillsborough,48.0,,,
2024-02-07 18:00:00,Hillsborough,45.0,,,
2024-02-07 19:00:00,Hillsborough,44.0,,,
2024-02-07 20:00:00,Hillsborough,43.0,,,
2024-02-07 21:00:00,Hillsborough,42.5,,,
2024-02-07 22:00:00,Hillsborough,41.5,,,
2024-02-07 23:00:00,Hillsborough,40.5,,,
2024-02-08 00:00:00,Hillsborough,39.0,4.825,52.0,
2024-02-08 01:00:00,Hillsborough,38.5,,,
2024-02-08 02:00:00,Hillsborough,38.5,,,
2024-02-08 03:00:00,Hillsborough,38.5,,,
2024-02-08 04:00:00,Hillsborough,38.5,,,
2024-02-08 05:00:00,Hillsborough,38.0,,,
2024-02-08 06:00:00,Hillsborough,37.5,,,
2024-02-08 07:00:00,Hillsborough,39.0,,,
2024-02-08 08:00:00,Hillsborough,43.0,5.341666666666667,,
2024-02-08 09:00:00,Hillsborough,46.5,,,
2024-02-08 10:00:00,Hillsborough,51.0,,,
2024-02-08 11:00:00,Hillsborough,54.5,,,
2024-02-08 12:00:00,Hillsborough,56.0,,,
2024-02-08 13:00:00,Hillsborough,57.0,,,
2024-02-08 14:00:00,Hillsborough,57.0,,,
2024-02-08 15:00:00,Hillsborough,57.5,,,
2024-02-08 16:00:00,Hillsborough,57.5,8.158333333333333,,
2024-02-08 17:00:00,Hillsborough,54.5,,,
2024-02-08 18:00:00,Hillsborough,50.5,,,
2024-02-08 19:00:00,Hillsborough,47.5,,,
2024-02-08 20:00:00,Hillsborough,44.0,,,
2024-02-08 21:00:00,Hillsborough,43.0,,,
2024-02-08 22:00:00,Hillsborough,43.0,,,
2024-02-08 23:00:00,Hillsborough,42.5,,,
2024-02-09 00:00:00,Hillsborough,41.5,14.666666666666666,56.0,
2024-02-09 01:00:00,Hillsborough,40.5,,,
2024-02-09 02:00:00,Hillsborough,40.5,,,
2024-02-09 03:00:00,Hillsborough,41.0,,,
2024-02-09 04:00:00,Hillsborough,41.0,,,
2024-02-09 05:00:00,Hillsborough,40.0,,,
2024-02-09 06:00:00,Hillsborough,39.5,,,
2024-02-09 07:00:00,Hillsborough,40.0,,,
2024-02-09 08:00:00,Hillsborough,41.5,6.483333333333333,,
2024-02-09 09:00:00,Hillsborough,46.5,,,
2024-02-09 10:00:00,Hillsborough,51.0,,,
2024-02-09 11:00:00,Hillsborough,53.0,,,
2024-02-09 12:00:00,Hillsborough,56.5,,,
2024-02-09 13:00:00,Hillsborough,58.5,,,
2024-02-09 14:00:00,Hillsborough,59.5,,,
2024-02-09 15:00:00,Hillsborough,59.5,,,
2024-02-09 16:00:00,Hillsborough,57.0,5.795833333333333,,
2024-02-09 17:00:00,Hillsborough,54.5,,,
2024-02-09 18:00:00,Hillsborough,52.5,,,
2024-02-09 19:00:00,Hillsborough,50.5,,,
2024-02-09 20:00:00,Hillsborough,48.0,,,
2024-02-09 21:00:00,Hillsborough,46.0,,,
2024-02-09 22:00:00,Hillsborough,45.5,,,
2024-02-09 23:00:00,Hillsborough,45.0,,,
2024-02-10 00:00:00,Hillsborough,46.0,9.566666666666666,43.0,
2024-02-10 01:00:00,Hillsborough,46.0,,,
2024-02-10 02:00:00,Hillsborough,45.5,,,
2024-02-10 03:00:00,Hillsborough,47.0,,,
2024-02-10 04:00:00,Hillsborough,46.5,,,
2024-02-10 05:00:00,Hillsborough,47.5,,,
2024-02-10 06:00:00,Hillsborough,47.0,,,
2024-02-10 07:00:00,Hillsborough,48.5,,,
2024-02-10 08:00:00,Hillsborough,50.5,6.583333333333333,,
2024-02-10 09:00:00,Hillsborough,55.0,,,
2024-02-10 10:00:00,Hillsborough,58.0,,,
2024-02-10 11:00:00,Hillsborough,60.5,,,
2024-02-10 12:00:00,Hillsborough,62.0,,,
2024-02-10 13:00:00,Hillsborough,63.5,,,
2024-02-10 14:00:00,Hillsborough,64.0,,,
2024-02-10 15:00:00,Hillsborough,64.0,,,
2024-02-10 16:00:00,Hillsborough,62.0,5.591666666666667,,
2024-02-10 17:00:00,Hillsborough,59.5,,,
2024-02-10 18:00:00,Hillsborough,55.5,,,
2024-02-10 19:00:00,Hillsborough,52.5,,,
2024-02-10 20:00:00,Hillsborough,51.5,,,
2024-02-10 21:00:00,Hillsborough,53.5,,,
2024-02-10 22:00:00,Hillsborough,53.0,,,
2024-02-10 23:00:00,Hillsborough,52.0,,,
2024-02-11 00:00:00,Hillsborough,51.5,4.433333333333334,39.0,
2024-02-11 01:00:00,Hillsborough,50.0,,,
2024-02-11 02:00:00,Hillsborough,50.0,,,
2024-02-11 03:00:00,Hillsborough,49.5,,,
2024-02-11 04:00:00,Hillsborough,49.0,,,
2024-02-11 05:00:00,Hillsborough,48.5,,,
2024-02-11 06:00:00,Hillsborough,47.5,,,
2024-02-11 07:00:00,Hillsborough,47.0,,,
2024-02-11 08:00:00,Hillsborough,49.5,4.329166666666667,,
2024-02-11 09:00:00,Hillsborough,52.0,,,
2024-02-11 10:00:00,Hillsborough,54.5,,,
2024-02-11 11:00:00,Hillsborough,57.5,,,
2024-02-11 12:00:00,Hillsborough,59.0,,,
2024-02-11 13:00:00,Hillsborough,59.5,,,
2024-02-11 14:00:00,Hillsborough,60.0,,,
2024-02-11 15:00:00,Hillsborough,60.5,,,
2024-02-11 16:00:00,Hillsborough,58.5,5.270833333333333,,
2024-02-11 17:00:00,Hillsborough,55.5,,,
2024-02-11 18:00:00,Hillsborough,52.5,,,
2024-02-11 19:00:00,Hillsborough,50.5,,,
2024-02-11 20:00:00,Hillsborough,48.0,,,
2024-02-11 21:00:00,Hillsborough,47.0,,,
2024-02-11 22:00:00,Hillsborough,46.5,,,
2024-02-11 23:00:00,Hillsborough,46.0,,,
2024-02-12 00:00:00,Hillsborough,45.0,4.729166666666667,53.0,0.03199285714285713
2024-02-12 01:00:00,Hillsborough,45.0,,,
2024-02-12 02:00:00,Hillsborough,44.0,,,
2024-02-12 03:00:00,Hillsborough,44.5,,,
2024-02-12 04:00:00,Hillsborough,45.5,,,
2024-02-12 05:00:00,Hillsborough,45.0,,,
2024-02-12 06:00:00,Hillsborough,45.0,,,
2024-02-12 07:00:00,Hillsborough,45.5,,,
2024-02-12 08:00:00,Hillsborough,47.5,6.475,,
2024-02-12 09:00:00,Hillsborough,50.0,,,
2024-02-12 10:00:00,Hillsborough,53.5,,,
2024-02-12 11:00:00,Hillsborough,56.5,,,
2024-02-12 12:00:00,Hillsborough,58.0,,,
2024-02-12 13:00:00,Hillsborough,59.0,,,
2024-02-12 14:00:00,Hillsborough,59.0,,,
2024-02-12 15:00:00,Hillsborough,58.5,,,
2024-02-12 16:00:00,Hillsborough,55.5,6.4,,
2024-02-12 17:00:00,Hillsborough,53.5,,,
2024-02-12 18:00:00,Hillsborough,51.5,,,
2024-02-12 19:00:00,Hillsborough,50.5,,,
2024-02-12 20:00:00,Hillsborough,50.0,,,
2024-02-12 21:00:00,Hillsborough,48.0,,,
2024-02-12 22:00:00,Hillsborough,47.0,,,
2024-02-12 23:00:00,Hillsborough,46.5,,,
2024-02-13 00:00:00,Hillsborough,45.5,5.9125000000000005,39.0,
2024-02-13 01:00:00,Hillsborough,45.0,,,
2024-02-13 02:00:00,Hillsborough,45.0,,,
2024-02-13 03:00:00,Hillsborough,44.0,,,
2024-02-13 04:00:00,Hillsborough,43.0,,,
2024-02-13 05:00:00,Hillsborough,42.0,,,
2024-02-13 06:00:00,Hillsborough,42.0,,,
2024-02-13 07:00:00,Hillsborough,42.5,,,
2024-02-13 08:00:00,Hillsborough,41.5,4.3125,,
2024-02-13 09:00:00,Hillsborough,41.5,,,
2024-02-13 10:00:00,Hillsborough,43.0,,,
2024-02-13 11:00:00,Hillsborough,42.5,,,
2024-02-13 12:00:00,Hillsborough,43.0,,,
2024-02-13 13:00:00,Hillsborough,43.0,,,
2024-02-13 14:00:00,Hillsborough,43.0,,,
2024-02-13 15:00:00,Hillsborough,43.0,,,
2024-02-13 16:00:00,Hillsborough,43.0,3.845833333333333,,
2024-02-13 17:00:00,Hillsborough,41.0,,,
2024-02-13 18:00:00,Hillsborough,40.0,,,
2024-02-13 19:00:00,Hillsborough,39.0,,,
2024-02-13 20:00:00,Hillsborough,38.5,,,
2024-02-13 21:00:00,Hillsborough,37.5,,,
2024-02-13 22:00:00,Hillsborough,37.0,,,
2024-02-13 23:00:00,Hillsborough,37.0,,,
2024-02-14 00:00:00,Hillsborough,36.0,4.375,83.0,
2024-02-14 01:00:00,Hillsborough,35.5,,,
2024-02-14 02:00:00,Hillsborough,35.0,,,
2024-02-14 03:00:00,Hillsborough,35.0,,,
2024-02-14 04:00:00,Hillsborough,33.5,,,
2024-02-14 05:00:00,Hillsborough,32.0,,,
2024-02-14 06:00:00,Hillsborough,31.0,,,
2024-02-14 07:00:00,Hillsborough,30.5,,,
2024-02-14 08:00:00,Hillsborough,32.0,3.95,,
2024-02-14 09:00:00,Hillsborough,34.5,,,
2024-02-14 10:00:00,Hillsborough,38.5,,,
2024-02-14 11:00:00,Hillsborough,40.5,,,
2024-02-14 12:00:00,Hillsborough,42.5,,,
2024-02-14 13:00:00,Hillsborough,44.5,,,
2024-02-14 14:00:00,Hillsborough,45.5,,,
2024-02-14 15:00:00,Hillsborough,47.0,,,
2024-02-14 16:00:00,Hillsborough,47.5,38.775000000000006,,
2024-02-14 17:00:00,Hillsborough,44.5,,,
2024-02-14 18:00:00,Hillsborough,40.0,,,
2024-02-14 19:00:00,Hillsborough,38.5,,,
2024-02-14 20:00:00,Hillsborough,36.5,,,
2024-02-14 21:00:00,Hillsborough,34.5,,,
2024-02-14 22:00:00,Hillsborough,33.5,,,
2024-02-14 23:00:00,Hillsborough,32.5,,,
2024-02-15 00:00:00,Hillsborough,32.5,8.566666666666666,55.0,
2024-02-15 01:00:00,Hillsborough,31.5,,,
2024-02-15 02:00:00,Hillsborough,32.0,,,
2024-02-15 03:00:00,Hillsborough,31.0,,,
2024-02-15 04:00:00,Hillsborough,31.5,,,
2024-02-15 05:00:00,Hillsborough,31.0,,,
2024-02-15 06:00:00,Hillsborough,31.5,,,
2024-02-15 07:00:00,Hillsborough,32.5,,,
2024-02-15 08:00:00,Hillsborough,35.0,5.983333333333333,,
2024-02-15 09:00:00,Hillsborough,39.0,,,
2024-02-15 10:00:00,Hillsborough,44.0,,,
2024-02-15 11:00:00,Hillsborough,47.0,,,
2024-02-15 12:00:00,Hillsborough,49.5,,,
2024-02-15 13:00:00,Hillsborough,52.0,,,
2024-02-15 14:00:00,Hillsborough,52.5,,,
2024-02-15 15:00:00,Hillsborough,52.0,,,
2024-02-15 16:00:00,Hillsborough,51.0,8.470833333333333,,
2024-02-15 17:00:00,Hillsborough,51.0,,,
2024-02-15 18:00:00,Hillsborough,46.0,,,
2024-02-15 19:00:00,Hillsborough,43.5,,,
2024-02-15 20:00:00,Hillsborough,41.5,,,
2024-02-15 21:00:00,Hillsborough,41.5,,,
2024-02-15 22:00:00,Hillsborough,39.5,,,
2024-02-15 23:00:00,Hillsborough,38.5,,,
2024-02-16 00:00:00,Hillsborough,38.0,13.733333333333334,60.0,
2024-02-16 01:00:00,Hillsborough,38.0,,,
2024-02-16 02:00:00,Hillsborough,37.5,,,
2024-02-16 03:00:00,Hillsborough,38.0,,,
2024-02-16 04:00:00,Hillsborough,38.5,,,
2024-02-16 05:00:00,Hillsborough,38.0,,,
2024-02-16 06:00:00,Hillsborough,38.0,,,
2024-02-16 07:00:00,Hillsborough,37.5,,,
2024-02-16 08:00:00,Hillsborough,38.0,7.125,,
2024-02-16 09:00:00,Hillsborough,41.0,,,
2024-02-16 10:00:00,Hillsborough,43.5,,,
2024-02-16 11:00:00,Hillsborough,46.5,,,
2024-02-16 12:00:00,Hillsborough,47.5,,,
2024-02-16 13:00:00,Hillsborough,49.5,,,
2024-02-16 14:00:00,Hillsborough,49.5,,,
2024-02-16 15:00:00,Hillsborough,49.5,,,
2024-02-16 16:00:00,Hillsborough,49.0,6.7875,,
2024-02-16 17:00:00,Hillsborough,46.5,,,
2024-02-16 18:00:00,Hillsborough,45.5,,,
2024-02-16 19:00:00,Hillsborough,44.0,,,
2024-02-16 20:00:00,Hillsborough,42.5,,,
2024-02-16 21:00:00,Hillsborough,42.0,,,
2024-02-16 22:00:00,Hillsborough,40.0,,,
2024-02-16 23:00:00,Hillsborough,40.0,,,
2024-02-17 00:00:00,Hillsborough,39.5,10.075,46.0,
2024-02-17 01:00:00,Hillsborough,38.5,,,
2024-02-17 02:00:00,Hillsborough,39.0,,,
2024-02-17 03:00:00,Hillsborough,38.0,,,
2024-02-17 04:00:00,Hillsborough,37.0,,,
2024-02-17 05:00:00,Hillsborough,38.0,,,
2024-02-17 06:00:00,Hillsborough,38.5,,,
2024-02-17 07:00:00,Hillsborough,38.0,,,
2024-02-17 08:00:00,Hillsborough,38.0,5.958333333333333,,
2024-02-17 09:00:00,Hillsborough,38.5,,,
2024-02-17 10:00:00,Hillsborough,39.5,,,
2024-02-17 11:00:00,Hillsborough,41.5,,,
2024-02-17 12:00:00,Hillsborough,42.0,,,
2024-02-17 13:00:00,Hillsborough,41.5,,,
2024-02-17 14:00:00,Hillsborough,40.5,,,
2024-02-17 15:00:00,Hillsborough,40.5,,,
2024-02-17 16:00:00,Hillsborough,40.0,1.9416666666666667,,
2024-02-17 17:00:00,Hillsborough,38.0,,,
2024-02-17 18:00:00,Hillsborough,37.0,,,
2024-02-17 19:00:00,Hillsborough,36.5,,,
2024-02-17 20:00:00,Hillsborough,35.5,,,
2024-02-17 21:00:00,Hillsborough,35.0,,,
2024-02-17 22:00:00,Hillsborough,34.5,,,
2024-02-17 23:00:00,Hillsborough,34.0,,,
2024-02-18 00:00:00,Hillsborough,33.5,1.9458333333333333,36.0,
2024-02-18 01:00:00,Hillsborough,33.0,,,
2024-02-18 02:00:00,Hillsborough,33.0,,,
2024-02-18 03:00:00,Hillsborough,32.5,,,
2024-02-18 04:00:00,Hillsborough,32.5,,,
2024-02-18 05:00:00,Hillsborough,32.5,,,
2024-02-18 06:00:00,Hillsborough,33.0,,,
2024-02-18 07:00:00,Hillsborough,33.5,,,
2024-02-18 08:00:00,Hillsborough,34.5,3.2875,,
2024-02-18 09:00:00,Hillsborough,36.0,,,
2024-02-18 10:00:00,Hillsborough,37.5,,,
2024-02-18 11:00:00,Hillsborough,38.0,,,
2024-02-18 12:00:00,Hillsborough,38.5,,,
2024-02-18 13:00:00,Hillsborough,38.0,,,
2024-02-18 14:00:00,Hillsborough,38.0,,,
2024-02-18 15:00:00,Hillsborough,37.5,,,
2024-02-18 16:00:00,Hillsborough,37.5,3.1375,,
2024-02-18 17:00:00,Hillsborough,37.0,,,
2024-02-18 18:00:00,Hillsborough,37.0,,,
2024-02-18 19:00:00,Hillsborough,37.0,,,
2024-02-18 20:00:00,Hillsborough,37.0,,,
2024-02-18 21:00:00,Hillsborough,36.5,,,
2024-02-18 22:00:00,Hillsborough,36.5,,,
2024-02-18 23:00:00,Hillsborough,36.5,,,
2024-02-19 00:00:00,Hillsborough,36.0,2.4166666666666665,42.0,0.03912529761904761
2024-02-19 01:00:00,Hillsborough,36.5,,,
2024-02-19 02:00:00,Hillsborough,36.0,,,
2024-02-19 03:00:00,Hillsborough,36.0,,,
2024-02-19 04:00:00,Hillsborough,36.0,,,
2024-02-19 05:00:00,Hillsborough,36.0,,,
2024-02-19 06:00:00,Hillsborough,35.0,,,
2024-02-19 07:00:00,Hillsborough,34.0,,,
2024-02-19 08:00:00,Hillsborough,34.0,4.666666666666666,,
2024-02-19 09:00:00,Hillsborough,35.0,,,
2024-02-19 10:00:00,Hillsborough,38.0,,,
2024-02-19 11:00:00,Hillsborough,39.5,,,
2024-02-19 12:00:00,Hillsborough,42.0,,,
2024-02-19 13:00:00,Hillsborough,43.5,,,
2024-02-19 14:00:00,Hillsborough,45.0,,,
2024-02-19 15:00:00,Hillsborough,45.5,,,
2024-02-19 16:00:00,Hillsborough,44.5,5.520833333333334,,
2024-02-19 17:00:00,Hillsborough,41.0,,,
2024-02-19 18:00:00,Hillsborough,37.5,,,
2024-02-19 19:00:00,Hillsborough,35.5,,,
2024-02-19 20:00:00,Hillsborough,33.0,,,
2024-02-19 21:00:00,Hillsborough,32.0,,,
2024-02-19 22:00:00,Hillsborough,30.5,,,
2024-02-19 23:00:00,Hillsborough,29.0,,,
2024-02-20 00:00:00,Hillsborough,27.5,7.745833333333334,51.0,
2024-02-20 01:00:00,Hillsborough,26.5,,,
2024-02-20 02:00:00,Hillsborough,26.5,,,
2024-02-20 03:00:00,Hillsborough,26.0,,,
2024-02-20 04:00:00,Hillsborough,25.5,,,
2024-02-20 05:00:00,Hillsborough,25.5,,,
2024-02-20 06:00:00,Hillsborough,24.5,,,
2024-02-20 07:00:00,Hillsborough,26.0,,,
2024-02-20 08:00:00,Hillsborough,30.5,5.495833333333334,,
2024-02-20 09:00:00,Hillsborough,35.5,,,
2024-02-20 10:00:00,Hillsborough,40.5,,,
2024-02-20 11:00:00,Hillsborough,44.0,,,
2024-02-20 12:00:00,Hillsborough,46.0,,,
2024-02-20 13:00:00,Hillsborough,46.5,,,
2024-02-20 14:00:00,Hillsborough,49.0,,,
2024-02-20 15:00:00,Hillsborough,49.5,,,
2024-02-20 16:00:00,Hillsborough,49.0,6.2041666666666675,,
2024-02-20 17:00:00,Hillsborough,45.0,,,
2024-02-20 18:00:00,Hillsborough,42.0,,,
2024-02-20 19:00:00,Hillsborough,39.5,,,
2024-02-20 20:00:00,Hillsborough,38.0,,,
2024-02-20 21:00:00,Hillsborough,34.5,,,
2024-02-20 22:00:00,Hillsborough,33.0,,,
2024-02-20 23:00:00,Hillsborough,33.0,,,
2024-02-21 00:00:00,Hillsborough,33.0,10.4625,71.0,
2024-02-21 01:00:00,Hillsborough,32.5,,,
2024-02-21 02:00:00,Hillsborough,32.0,,,
2024-02-21 03:00:00,Hillsborough,31.0,,,
2024-02-21 04:00:00,Hillsborough,30.5,,,
2024-02-21 05:00:00,Hillsborough,30.5,,,
2024-02-21 06:00:00,Hillsborough,30.0,,,
2024-02-21 07:00:00,Hillsborough,31.0,,,
2024-02-21 08:00:00,Hillsborough,36.0,11.995833333333334,,
2024-02-21 09:00:00,Hillsborough,40.5,,,
2024-02-21 10:00:00,Hillsborough,44.0,,,
2024-02-21 11:00:00,Hillsborough,46.5,,,
2024-02-21 12:00:00,Hillsborough,49.0,,,
2024-02-21 13:00:00,Hillsborough,49.5,,,
2024-02-21 14:00:00,Hillsborough,50.5,,,
2024-02-21 15:00:00,Hillsborough,50.5,,,
2024-02-21 16:00:00,Hillsborough,50.0,12.904166666666667,,
2024-02-21 17:00:00,Hillsborough,46.5,,,
2024-02-21 18:00:00,Hillsborough,42.0,,,
2024-02-21 19:00:00,Hillsborough,38.5,,,
2024-02-21 20:00:00,Hillsborough,37.5,,,
2024-02-21 21:00:00,Hillsborough,36.5,,,
2024-02-21 22:00:00,Hillsborough,36.0,,,
2024-02-21 23:00:00,Hillsborough,33.5,,,
2024-02-22 00:00:00,Hillsborough,32.5,9.3875,58.0,
2024-02-22 01:00:00,Hillsborough,31.5,,,
2024-02-22 02:00:00,Hillsborough,31.0,,,
2024-02-22 03:00:00,Hillsborough,30.5,,,
2024-02-22 04:00:00,Hillsborough,30.5,,,
2024-02-22 05:00:00,Hillsborough,30.0,,,
2024-02-22 06:00:00,Hillsborough,30.0,,,
2024-02-22 07:00:00,Hillsborough,30.5,,,
2024-02-22 08:00:00,Hillsborough,34.0,4.56875,,
2024-02-22 09:00:00,Hillsborough,40.5,,,
2024-02-22 10:00:00,Hillsborough,45.0,,,
2024-02-22 11:00:00,Hillsborough,47.0,,,
2024-02-22 12:00:00,Hillsborough,50.0,,,
2024-02-22 13:00:00,Hillsborough,51.0,,,
2024-02-22 14:00:00,Hillsborough,53.0,,,
2024-02-22 15:00:00,Hillsborough,52.0,,,
2024-02-22 16:00:00,Hillsborough,50.5,9.454166666666666,,
2024-02-22 17:00:00,Hillsborough,48.0,,,
2024-02-22 18:00:00,Hillsborough,45.5,,,
2024-02-22 19:00:00,Hillsborough,43.5,,,
2024-02-22 20:00:00,Hillsborough,42.0,,,
2024-02-22 21:00:00,Hillsborough,39.5,,,
2024-02-22 22:00:00,Hillsborough,37.5,,,
2024-02-22 23:00:00,Hillsborough,36.5,,,
2024-02-23 00:00:00,Hillsborough,36.5,9.579166666666667,55.0,
2024-02-23 01:00:00,Hillsborough,36.5,,,
2024-02-23 02:00:00,Hillsborough,36.0,,,
2024-02-23 03:00:00,Hillsborough,36.5,,,
2024-02-23 04:00:00,Hillsborough,36.5,,,
2024-02-23 05:00:00,Hillsborough,38.0,,,
2024-02-23 06:00:00,Hillsborough,39.5,,,
2024-02-23 07:00:00,Hillsborough,41.0,,,
2024-02-23 08:00:00,Hillsborough,45.0,5.395833333333333,,
2024-02-23 09:00:00,Hillsborough,48.5,,,
2024-02-23 10:00:00,Hillsborough,51.5,,,
2024-02-23 11:00:00,Hillsborough,53.0,,,
2024-02-23 12:00:00,Hillsborough,54.5,,,
2024-02-23 13:00:00,Hillsborough,56.0,,,
2024-02-23 14:00:00,Hillsborough,57.0,,,
2024-02-23 15:00:00,Hillsborough,56.0,,,
2024-02-23 16:00:00,Hillsborough,54.0,6.720833333333333,,
2024-02-23 17:00:00,Hillsborough,53.5,,,
2024-02-23 18:00:00,Hillsborough,52.0,,,
2024-02-23 19:00:00,Hillsborough,50.5,,,
2024-02-23 20:00:00,Hillsborough,50.0,,,
2024-02-23 21:00:00,Hillsborough,50.5,,,
2024-02-23 22:00:00,Hillsborough,50.0,,,
2024-02-23 23:00:00,Hillsborough,49.0,,,
2024-02-24 00:00:00,Hillsborough,48.0,9.808333333333334,45.0,
2024-02-24 01:00:00,Hillsborough,47.0,,,
2024-02-24 02:00:00,Hillsborough,46.5,,,
2024-02-24 03:00:00,Hillsborough,46.0,,,
2024-02-24 04:00:00,Hillsborough,44.5,,,
2024-02-24 05:00:00,Hillsborough,43.5,,,
2024-02-24 06:00:00,Hillsborough,41.0,,,
2024-02-24 07:00:00,Hillsborough,39.5,,,
2024-02-24 08:00:00,Hillsborough,41.0,4.0,,
2024-02-24 09:00:00,Hillsborough,41.5,,,
2024-02-24 10:00:00,Hillsborough,42.5,,,
2024-02-24 11:00:00,Hillsborough,44.5,,,
2024-02-24 12:00:00,Hillsborough,46.5,,,
2024-02-24 13:00:00,Hillsborough,46.5,,,
2024-02-24 14:00:00,Hillsborough,46.5,,,
2024-02-24 15:00:00,Hillsborough,46.0,,,
2024-02-24 16:00:00,Hillsborough,44.5,3.0708333333333333,,
2024-02-24 17:00:00,Hillsborough,40.5,,,
2024-02-24 18:00:00,Hillsborough,38.0,,,
2024-02-24 19:00:00,Hillsborough,35.5,,,
2024-02-24 20:00:00,Hillsborough,33.0,,,
2024-02-24 21:00:00,Hillsborough,32.0,,,
2024-02-24 22:00:00,Hillsborough,31.0,,,
2024-02-24 23:00:00,Hillsborough,27.0,,,
2024-02-25 00:00:00,Hillsborough,26.0,5.470833333333333,55.0,
2024-02-25 01:00:00,Hillsborough,24.5,,,
2024-02-25 02:00:00,Hillsborough,25.0,,,
2024-02-25 03:00:00,Hillsborough,24.5,,,
2024-02-25 04:00:00,Hillsborough,25.0,,,
2024-02-25 05:00:00,Hillsborough,25.0,,,
2024-02-25 06:00:00,Hillsborough,25.0,,,
2024-02-25 07:00:00,Hillsborough,26.5,,,
2024-02-25 08:00:00,Hillsborough,32.0,6.7124999999999995,,
2024-02-25 09:00:00,Hillsborough,37.5,,,
2024-02-25 10:00:00,Hillsborough,42.5,,,
2024-02-25 11:00:00,Hillsborough,46.5,,,
2024-02-25 12:00:00,Hillsborough,48.5,,,
2024-02-25 13:00:00,Hillsborough,50.5,,,
2024-02-25 14:00:00,Hillsborough,52.0,,,
2024-02-25 15:00:00,Hillsborough,52.0,,,
2024-02-25 16:00:00,Hillsborough,50.0,10.420833333333334,,
2024-02-25 17:00:00,Hillsborough,48.0,,,
2024-02-25 18:00:00,Hillsborough,45.0,,,
2024-02-25 19:00:00,Hillsborough,43.0,,,
2024-02-25 20:00:00,Hillsborough,40.0,,,
2024-02-25 21:00:00,Hillsborough,37.0,,,
2024-02-25 22:00:00,Hillsborough,35.5,,,
2024-02-25 23:00:00,Hillsborough,34.5,,,
2024-02-26 00:00:00,Hillsborough,33.5,14.791666666666666,64.0,0.03157103174603172
2024-02-26 01:00:00,Hillsborough,33.0,,,
2024-02-26 02:00:00,Hillsborough,33.0,,,
2024-02-26 03:00:00,Hillsborough,32.5,,,
2024-02-26 04:00:00,Hillsborough,33.0,,,
2024-02-26 05:00:00,Hillsborough,32.0,,,
2024-02-26 06:00:00,Hillsborough,32.0,,,
2024-02-26 07:00:00,Hillsborough,33.5,,,
2024-02-26 08:00:00,Hillsborough,38.5,8.345833333333333,,
2024-02-26 09:00:00,Hillsborough,45.5,,,
2024-02-26 10:00:00,Hillsborough,51.0,,,
2024-02-26 11:00:00,Hillsborough,54.0,,,
2024-02-26 12:00:00,Hillsborough,57.0,,,
2024-02-26 13:00:00,Hillsborough,59.0,,,
2024-02-26 14:00:00,Hillsborough,60.0,,,
2024-02-26 15:00:00,Hillsborough,61.0,,,
2024-02-26 16:00:00,Hillsborough,60.0,9.391666666666667,,
2024-02-26 17:00:00,Hillsborough,57.0,,,
2024-02-26 18:00:00,Hillsborough,53.5,,,
2024-02-26 19:00:00,Hillsborough,51.0,,,
2024-02-26 20:00:00,Hillsborough,48.5,,,
2024-02-26 21:00:00,Hillsborough,46.5,,,
2024-02-26 22:00:00,Hillsborough,45.5,,,
2024-02-26 23:00:00,Hillsborough,43.5,,,
2024-02-27 00:00:00,Hillsborough,42.5,13.4375,56.0,
2024-02-27 01:00:00,Hillsborough,43.0,,,
2024-02-27 02:00:00,Hillsborough,41.5,,,
2024-02-27 03:00:00,Hillsborough,42.0,,,
2024-02-27 04:00:00,Hillsborough,43.0,,,
2024-02-27 05:00:00,Hillsborough,43.0,,,
2024-02-27 06:00:00,Hillsborough,42.0,,,
2024-02-27 07:00:00,Hillsborough,44.5,,,
2024-02-27 08:00:00,Hillsborough,49.5,8.766666666666666,,
2024-02-27 09:00:00,Hillsborough,55.0,,,
2024-02-27 10:00:00,Hillsborough,57.5,,,
2024-02-27 11:00:00,Hillsborough,60.0,,,
2024-02-27 12:00:00,Hillsborough,62.0,,,
2024-02-27 13:00:00,Hillsborough,63.5,,,
2024-02-27 14:00:00,Hillsborough,65.0,,,
2024-02-27 15:00:00,Hillsborough,65.5,,,
2024-02-27 16:00:00,Hillsborough,62.0,7.2625,,
2024-02-27 17:00:00,Hillsborough,60.5,,,
2024-02-27 18:00:00,Hillsborough,58.0,,,
2024-02-27 19:00:00,Hillsborough,56.0,,,
2024-02-27 20:00:00,Hillsborough,53.5,,,
2024-02-27 21:00:00,Hillsborough,50.5,,,
2024-02-27 22:00:00,Hillsborough,50.0,,,
2024-02-27 23:00:00,Hillsborough,50.5,,,
2024-02-28 00:00:00,Hillsborough,50.5,4.541666666666667,52.0,
2024-02-28 01:00:00,Hillsborough,51.0,,,
2024-02-28 02:00:00,Hillsborough,51.0,,,
2024-02-28 03:00:00,Hillsborough,51.5,,,
2024-02-28 04:00:00,Hillsborough,50.5,,,
2024-02-28 05:00:00,Hillsborough,49.5,,,
2024-02-28 06:00:00,Hillsborough,50.0,,,
2024-02-28 07:00:00,Hillsborough,51.5,,,
2024-02-28 08:00:00,Hillsborough,55.0,6.522916666666667,,
2024-02-28 09:00:00,Hillsborough,58.5,,,
2024-02-28 10:00:00,Hillsborough,61.0,,,
2024-02-28 11:00:00,Hillsborough,62.0,,,
2024-02-28 12:00:00,Hillsborough,63.5,,,
2024-02-28 13:00:00,Hillsborough,65.0,,,
2024-02-28 14:00:00,Hillsborough,65.0,,,
2024-02-28 15:00:00,Hillsborough,64.5,,,
2024-02-28 16:00:00,Hillsborough,63.5,6.3875,,
2024-02-28 17:00:00,Hillsborough,62.0,,,
2024-02-28 18:00:00,Hillsborough,60.5,,,
2024-02-28 19:00:00,Hillsborough,59.0,,,
2024-02-28 20:00:00,Hillsborough,58.0,,,
2024-02-28 21:00:00,Hillsborough,54.0,,,
2024-02-28 22:00:00,Hillsborough,48.0,,,
2024-02-28 23:00:00,Hillsborough,45.5,,,
2024-02-29 00:00:00,Hillsborough,43.0,6.383333333333334,58.0,
2024-02-29 01:00:00,Hillsborough,41.0,,,
2024-02-29 02:00:00,Hillsborough,40.0,,,
2024-02-29 03:00:00,Hillsborough,38.0,,,
2024-02-29 04:00:00,Hillsborough,37.0,,,
2024-02-29 05:00:00,Hillsborough,37.0,,,
2024-02-29 06:00:00,Hillsborough,38.0,,,
2024-02-29 07:00:00,Hillsborough,38.0,,,
2024-02-29 08:00:00,Hillsborough,39.5,10.6,,
2024-02-29 09:00:00,Hillsborough,42.0,,,
2024-02-29 10:00:00,Hillsborough,46.0,,,
2024-02-29 11:00:00,Hillsborough,45.0,,,
2024-02-29 12:00:00,Hillsborough,47.0,,,
2024-02-29 13:00:00,Hillsborough,47.0,,,
2024-02-29 14:00:00,Hillsborough,47.5,,,
2024-02-29 15:00:00,Hillsborough,49.0,,,
2024-02-29 16:00:00,Hillsborough,47.5,8.9125,,
2024-02-29 17:00:00,Hillsborough,45.0,,,
2024-02-29 18:00:00,Hillsborough,42.5,,,
2024-02-29 19:00:00,Hillsborough,40.5,,,
2024-02-29 20:00:00,Hillsborough,39.5,,,
2024-02-29 21:00:00,Hillsborough,38.5,,,
2024-02-29 22:00:00,Hillsborough,38.0,,,
2024-02-29 23:00:00,Hillsborough,37.0,,,
2024-03-01 00:00:00,Hillsborough,33.0,8.2375,52.0,
2024-03-01 01:00:00,Hillsborough,32.666666666666664,,,
2024-03-01 02:00:00,Hillsborough,32.333333333333336,,,
2024-03-01 03:00:00,Hillsborough,32.333333333333336,,,
2024-03-01 04:00:00,Hillsborough,32.333333333333336,,,
2024-03-01 05:00:00,Hillsborough,31.33333333333333,,,
2024-03-01 06:00:00,Hillsborough,31.0,,,
2024-03-01 07:00:00,Hillsborough,32.0,,,
2024-03-01 08:00:00,Hillsborough,36.333333333333336,6.866666666666667,,
2024-03-01 09:00:00,Hillsborough,40.66666666666666,,,
2024-03-01 10:00:00,Hillsborough,44.0,,,
2024-03-01 11:00:00,Hillsborough,46.333333333333336,,,
2024-03-01 12:00:00,Hillsborough,48.66666666666666,,,
2024-03-01 13:00:00,Hillsborough,51.0,,,
2024-03-01 14:00:00,Hillsborough,52.66666666666666,,,
2024-03-01 15:00:00,Hillsborough,52.333333333333336,,,
2024-03-01 16:00:00,Hillsborough,51.333333333333336,7.05,,
2024-03-01 17:00:00,Hillsborough,48.66666666666666,,,
2024-03-01 18:00:00,Hillsborough,46.66666666666666,,,
2024-03-01 19:00:00,Hillsborough,44.333333333333336,,,
2024-03-01 20:00:00,Hillsborough,43.333333333333336,,,
2024-03-01 21:00:00,Hillsborough,42.0,,,
2024-03-01 22:00:00,Hillsborough,41.333333333333336,,,
2024-03-01 23:00:00,Hillsborough,41.66666666666666,,,
2024-03-02 00:00:00,Hillsborough,41.333333333333336,8.55,53.0,
2024-03-02 01:00:00,Hillsborough,41.0,,,
2024-03-02 02:00:00,Hillsborough,40.66666666666666,,,
2024-03-02 03:00:00,Hillsborough,40.0,,,
2024-03-02 04:00:00,Hillsborough,40.66666666666666,,,
2024-03-02 05:00:00,Hillsborough,41.333333333333336,,,
2024-03-02 06:00:00,Hillsborough,41.66666666666666,,,
2024-03-02 07:00:00,Hillsborough,42.66666666666666,,,
2024-03-02 08:00:00,Hillsborough,45.333333333333336,6.375,,
2024-03-02 09:00:00,Hillsborough,49.0,,,
2024-03-02 10:00:00,Hillsborough,52.333333333333336,,,
2024-03-02 11:00:00,Hillsborough,53.0,,,
2024-03-02 12:00:00,Hillsborough,54.0,,,
2024-03-02 13:00:00,Hillsborough,54.0,,,
2024-03-02 14:00:00,Hillsborough,53.0,,,
2024-03-02 15:00:00,Hillsborough,52.0,,,
2024-03-02 16:00:00,Hillsborough,52.0,6.766666666666667,,
2024-03-02 17:00:00,Hillsborough,51.333333333333336,,,
2024-03-02 18:00:00,Hillsborough,50.66666666666666,,,
2024-03-02 19:00:00,Hillsborough,51.0,,,
2024-03-02 20:00:00,Hillsborough,50.333333333333336,,,
2024-03-02 21:00:00,Hillsborough,49.333333333333336,,,
2024-03-02 22:00:00,Hillsborough,49.333333333333336,,,
2024-03-02 23:00:00,Hillsborough,49.0,,,
2024-03-03 00:00:00,Hillsborough,49.66666666666666,9.135416666666666,53.0,
2024-03-03 01:00:00,Hillsborough,49.66666666666666,,,
2024-03-03 02:00:00,Hillsborough,49.66666666666666,,,
2024-03-03 03:00:00,Hillsborough,49.0,,,
2024-03-03 04:00:00,Hillsborough,48.66666666666666,,,
2024-03-03 05:00:00,Hillsborough,48.66666666666666,,,
2024-03-03 06:00:00,Hillsborough,48.333333333333336,,,
2024-03-03 07:00:00,Hillsborough,48.66666666666666,,,
2024-03-03 08:00:00,Hillsborough,49.66666666666666,6.079166666666667,,
2024-03-03 09:00:00,Hillsborough,52.66666666666666,,,
2024-03-03 10:00:00,Hillsborough,57.0,,,
2024-03-03 11:00:00,Hillsborough,60.0,,,
2024-03-03 12:00:00,Hillsborough,61.333333333333336,,,
2024-03-03 13:00:00,Hillsborough,60.66666666666666,,,
2024-03-03 14:00:00,Hillsborough,59.66666666666666,,,
2024-03-03 15:00:00,Hillsborough,61.333333333333336,,,
2024-03-03 16:00:00,Hillsborough,61.333333333333336,3.7416666666666667,,
2024-03-03 17:00:00,Hillsborough,59.0,,,
2024-03-03 18:00:00,Hillsborough,55.66666666666666,,,
2024-03-03 19:00:00,Hillsborough,54.0,,,
2024-03-03 20:00:00,Hillsborough,53.0,,,
2024-03-03 21:00:00,Hillsborough,52.333333333333336,,,
2024-03-03 22:00:00,Hillsborough,52.0,,,
2024-03-03 23:00:00,Hillsborough,52.0,,,
2024-03-04 00:00:00,Hillsborough,51.333333333333336,4.120833333333334,38.0,0.02899533730158727
2024-03-04 01:00:00,Hillsborough,51.333333333333336,,,
2024-03-04 02:00:00,Hillsborough,51.333333333333336,,,
2024-03-04 03:00:00,Hillsborough,50.333333333333336,,,
2024-03-04 04:00:00,Hillsborough,50.333333333333336,,,
2024-03-04 05:00:00,Hillsborough,50.333333333333336,,,
2024-03-04 06:00:00,Hillsborough,50.0,,,
2024-03-04 07:00:00,Hillsborough,51.0,,,
2024-03-04 08:00:00,Hillsborough,51.66666666666666,3.979166666666667,,
2024-03-04 09:00:00,Hillsborough,53.66666666666666,,,
2024-03-04 10:00:00,Hillsborough,56.0,,,
2024-03-04 11:00:00,Hillsborough,57.333333333333336,,,
2024-03-04 12:00:00,Hillsborough,57.333333333333336,,,
2024-03-04 13:00:00,Hillsborough,58.333333333333336,,,
2024-03-04 14:00:00,Hillsborough,57.66666666666666,,,
2024-03-04 15:00:00,Hillsborough,57.66666666666666,,,
2024-03-04 16:00:00,Hillsborough,56.66666666666666,3.7375000000000003,,
2024-03-04 17:00:00,Hillsborough,53.66666666666666,,,
2024-03-04 18:00:00,Hillsborough,50.66666666666666,,,
2024-03-04 19:00:00,Hillsborough,48.66666666666666,,,
2024-03-04 20:00:00,Hillsborough,48.333333333333336,,,
2024-03-04 21:00:00,Hillsborough,47.333333333333336,,,
2024-03-04 22:00:00,Hillsborough,47.0,,,
2024-03-04 23:00:00,Hillsborough,46.66666666666666,,,
2024-03-05 00:00:00,Hillsborough,46.0,2.875,38.0,
2024-03-05 01:00:00,Hillsborough,45.333333333333336,,,
2024-03-05 02:00:00,Hillsborough,45.333333333333336,,,
2024-03-05 03:00:00,Hillsborough,45.0,,,
2024-03-05 04:00:00,Hillsborough,44.333333333333336,,,
2024-03-05 05:00:00,Hillsborough,44.333333333333336,,,
2024-03-05 06:00:00,Hillsborough,44.333333333333336,,,
2024-03-05 07:00:00,Hillsborough,44.333333333333336,,,
2024-03-05 08:00:00,Hillsborough,45.333333333333336,3.1916666666666664,,
2024-03-05 09:00:00,Hillsborough,47.0,,,
2024-03-05 10:00:00,Hillsborough,48.66666666666666,,,
2024-03-05 11:00:00,Hillsborough,50.0,,,
2024-03-05 12:00:00,Hillsborough,51.66666666666666,,,
2024-03-05 13:00:00,Hillsborough,52.0,,,
2024-03-05 14:00:00,Hillsborough,52.333333333333336,,,
2024-03-05 15:00:00,Hillsborough,53.0,,,
2024-03-05 16:00:00,Hillsborough,52.333333333333336,3.75,,
2024-03-05 17:00:00,Hillsborough,51.333333333333336,,,
2024-03-05 18:00:00,Hillsborough,48.66666666666666,,,
2024-03-05 19:00:00,Hillsborough,47.0,,,
2024-03-05 20:00:00,Hillsborough,47.333333333333336,,,
2024-03-05 21:00:00,Hillsborough,47.333333333333336,,,
2024-03-05 22:00:00,Hillsborough,47.66666666666666,,,
2024-03-05 23:00:00,Hillsborough,47.0,,,
2024-03-06 00:00:00,Hillsborough,47.0,2.85,37.0,
2024-03-06 01:00:00,Hillsborough,46.66666666666666,,,
2024-03-06 02:00:00,Hillsborough,46.333333333333336,,,
2024-03-06 03:00:00,Hillsborough,47.0,,,
2024-03-06 04:00:00,Hillsborough,47.0,,,
2024-03-06 05:00:00,Hillsborough,48.0,,,
2024-03-06 06:00:00,Hillsborough,48.333333333333336,,,
2024-03-06 07:00:00,Hillsborough,50.66666666666666,,,
2024-03-06 08:00:00,Hillsborough,55.333333333333336,3.5791666666666666,,
2024-03-06 09:00:00,Hillsborough,56.0,,,
2024-03-06 10:00:00,Hillsborough,59.0,,,
2024-03-06 11:00:00,Hillsborough,61.333333333333336,,,
2024-03-06 12:00:00,Hillsborough,62.0,,,
2024-03-06 13:00:00,Hillsborough,61.66666666666666,,,
2024-03-06 14:00:00,Hillsborough,60.0,,,
2024-03-06 15:00:00,Hillsborough,58.333333333333336,,,
2024-03-06 16:00:00,Hillsborough,56.66666666666666,3.608333333333333,,
2024-03-06 17:00:00,Hillsborough,54.66666666666666,,,
2024-03-06 18:00:00,Hillsborough,54.333333333333336,,,
2024-03-06 19:00:00,Hillsborough,52.66666666666666,,,
2024-03-06 20:00:00,Hillsborough,52.0,,,
2024-03-06 21:00:00,Hillsborough,50.66666666666666,,,
2024-03-06 22:00:00,Hillsborough,49.0,,,
2024-03-06 23:00:00,Hillsborough,48.66666666666666,,,
2024-03-07 00:00:00,Hillsborough,47.66666666666666,3.5374999999999996,53.0,
2024-03-07 01:00:00,Hillsborough,47.333333333333336,,,
2024-03-07 02:00:00,Hillsborough,47.333333333333336,,,
2024-03-07 03:00:00,Hillsborough,47.333333333333336,,,
2024-03-07 04:00:00,Hillsborough,47.333333333333336,,,
2024-03-07 05:00:00,Hillsborough,47.66666666666666,,,
2024-03-07 06:00:00,Hillsborough,47.66666666666666,,,
2024-03-07 07:00:00,Hillsborough,48.0,,,
2024-03-07 08:00:00,Hillsborough,49.0,3.089583333333333,,
2024-03-07 09:00:00,Hillsborough,50.333333333333336,,,
2024-03-07 10:00:00,Hillsborough,53.0,,,
2024-03-07 11:00:00,Hillsborough,54.333333333333336,,,
2024-03-07 12:00:00,Hillsborough,54.66666666666666,,,
2024-03-07 13:00:00,Hillsborough,55.333333333333336,,,
2024-03-07 14:00:00,Hillsborough,55.333333333333336,,,
2024-03-07 15:00:00,Hillsborough,55.0,,,
2024-03-07 16:00:00,Hillsborough,55.0,8.875,,
2024-03-07 17:00:00,Hillsborough,53.0,,,
2024-03-07 18:00:00,Hillsborough,51.0,,,
2024-03-07 19:00:00,Hillsborough,49.333333333333336,,,
2024-03-07 20:00:00,Hillsborough,49.0,,,
2024-03-07 21:00:00,Hillsborough,47.66666666666666,,,
2024-03-07 22:00:00,Hillsborough,46.0,,,
2024-03-07 23:00:00,Hillsborough,45.333333333333336,,,
2024-03-08 00:00:00,Hillsborough,44.0,9.179166666666667,56.0,
2024-03-08 01:00:00,Hillsborough,43.66666666666666,,,
2024-03-08 02:00:00,Hillsborough,43.0,,,
2024-03-08 03:00:00,Hillsborough,41.66666666666666,,,
2024-03-08 04:00:00,Hillsborough,41.0,,,
2024-03-08 05:00:00,Hillsborough,41.333333333333336,,,
2024-03-08 06:00:00,Hillsborough,41.66666666666666,,,
2024-03-08 07:00:00,Hillsborough,43.0,,,
2024-03-08 08:00:00,Hillsborough,47.0,7.09375,,
2024-03-08 09:00:00,Hillsborough,50.66666666666666,,,
2024-03-08 10:00:00,Hillsborough,54.0,,,
2024-03-08 11:00:00,Hillsborough,57.66666666666666,,,
2024-03-08 12:00:00,Hillsborough,58.66666666666666,,,
2024-03-08 13:00:00,Hillsborough,60.333333333333336,,,
2024-03-08 14:00:00,Hillsborough,62.0,,,
2024-03-08 15:00:00,Hillsborough,61.66666666666666,,,
2024-03-08 16:00:00,Hillsborough,60.0,6.870833333333334,,
2024-03-08 17:00:00,Hillsborough,56.333333333333336,,,
2024-03-08 18:00:00,Hillsborough,52.66666666666666,,,
2024-03-08 19:00:00,Hillsborough,49.333333333333336,,,
2024-03-08 20:00:00,Hillsborough,46.66666666666666,,,
2024-03-08 21:00:00,Hillsborough,45.0,,,
2024-03-08 22:00:00,Hillsborough,44.333333333333336,,,
2024-03-08 23:00:00,Hillsborough,44.0,,,
2024-03-09 00:00:00,Hillsborough,43.333333333333336,5.495833333333334,55.0,
2024-03-09 01:00:00,Hillsborough,43.0,,,
2024-03-09 02:00:00,Hillsborough,42.333333333333336,,,
2024-03-09 03:00:00,Hillsborough,41.66666666666666,,,
2024-03-09 04:00:00,Hillsborough,41.0,,,
2024-03-09 05:00:00,Hillsborough,41.333333333333336,,,
2024-03-09 06:00:00,Hillsborough,42.66666666666666,,,
2024-03-09 07:00:00,Hillsborough,43.0,,,
2024-03-09 08:00:00,Hillsborough,45.0,7.9125,,
2024-03-09 09:00:00,Hillsborough,46.333333333333336,,,
2024-03-09 10:00:00,Hillsborough,48.66666666666666,,,
2024-03-09 11:00:00,Hillsborough,50.0,,,
2024-03-09 12:00:00,Hillsborough,51.333333333333336,,,
2024-03-09 13:00:00,Hillsborough,51.66666666666666,,,
2024-03-09 14:00:00,Hillsborough,51.333333333333336,,,
2024-03-09 15:00:00,Hillsborough,51.333333333333336,,,
2024-03-09 16:00:00,Hillsborough,50.333333333333336,7.133333333333334,,
2024-03-09 17:00:00,Hillsborough,49.333333333333336,,,
2024-03-09 18:00:00,Hillsborough,48.66666666666666,,,
2024-03-09 19:00:00,Hillsborough,48.0,,,
2024-03-09 20:00:00,Hillsborough,47.66666666666666,,,
2024-03-09 21:00:00,Hillsborough,47.0,,,
2024-03-09 22:00:00,Hillsborough,46.333333333333336,,,
2024-03-09 23:00:00,Hillsborough,46.0,,,
2024-03-10 00:00:00,Hillsborough,46.333333333333336,4.633333333333334,38.0,
2024-03-10 01:00:00,Hillsborough,47.333333333333336,,,
2024-03-10 02:00:00,Hillsborough,47.333333333333336,,,
2024-03-10 03:00:00,Hillsborough,47.0,,,
2024-03-10 04:00:00,Hillsborough,47.0,,,
2024-03-10 05:00:00,Hillsborough,47.333333333333336,,,
2024-03-10 06:00:00,Hillsborough,47.0,,,
2024-03-10 07:00:00,Hillsborough,47.0,,,
2024-03-10 08:00:00,Hillsborough,47.333333333333336,3.395833333333333,,
2024-03-10 09:00:00,Hillsborough,48.333333333333336,,,
2024-03-10 10:00:00,Hillsborough,50.0,,,
2024-03-10 11:00:00,Hillsborough,51.333333333333336,,,
2024-03-10 12:00:00,Hillsborough,52.333333333333336,,,
2024-03-10 13:00:00,Hillsborough,53.0,,,
2024-03-10 14:00:00,Hillsborough,52.0,,,
2024-03-10 15:00:00,Hillsborough,50.66666666666666,,,
2024-03-10 16:00:00,Hillsborough,49.333333333333336,3.1833333333333336,,
2024-03-10 17:00:00,Hillsborough,48.0,,,
2024-03-10 18:00:00,Hillsborough,46.0,,,
2024-03-10 19:00:00,Hillsborough,45.0,,,
2024-03-10 20:00:00,Hillsborough,44.0,,,
2024-03-10 21:00:00,Hillsborough,43.333333333333336,,,
2024-03-10 22:00:00,Hillsborough,42.66666666666666,,,
2024-03-10 23:00:00,Hillsborough,41.333333333333336,,,
2024-03-11 00:00:00,Hillsborough,40.66666666666666,2.9875,58.0,0.03284821428571425
2024-03-11 01:00:00,Hillsborough,39.333333333333336,,,
2024-03-11 02:00:00,Hillsborough,37.66666666666666,,,
2024-03-11 03:00:00,Hillsborough,36.66666666666666,,,
2024-03-11 04:00:00,Hillsborough,36.66666666666666,,,
2024-03-11 05:00:00,Hillsborough,35.333333333333336,,,
2024-03-11 06:00:00,Hillsborough,34.333333333333336,,,
2024-03-11 07:00:00,Hillsborough,34.666666666666664,,,
2024-03-11 08:00:00,Hillsborough,38.333333333333336,3.5791666666666666,,
2024-03-11 09:00:00,Hillsborough,40.66666666666666,,,
2024-03-11 10:00:00,Hillsborough,44.0,,,
2024-03-11 11:00:00,Hillsborough,45.333333333333336,,,
2024-03-11 12:00:00,Hillsborough,47.333333333333336,,,
2024-03-11 13:00:00,Hillsborough,48.0,,,
2024-03-11 14:00:00,Hillsborough,48.66666666666666,,,
2024-03-11 15:00:00,Hillsborough,49.0,,,
2024-03-11 16:00:00,Hillsborough,49.0,6.6125,,
2024-03-11 17:00:00,Hillsborough,48.333333333333336,,,
2024-03-11 18:00:00,Hillsborough,45.66666666666666,,,
2024-03-11 19:00:00,Hillsborough,43.66666666666666,,,
2024-03-11 20:00:00,Hillsborough,42.66666666666666,,,
2024-03-11 21:00:00,Hillsborough,42.0,,,
2024-03-11 22:00:00,Hillsborough,41.66666666666666,,,
2024-03-11 23:00:00,Hillsborough,40.66666666666666,,,
2024-03-12 00:00:00,Hillsborough,40.66666666666666,5.004166666666666,49.0,
2024-03-12 01:00:00,Hillsborough,40.0,,,
2024-03-12 02:00:00,Hillsborough,39.66666666666666,,,
2024-03-12 03:00:00,Hillsborough,39.0,,,
2024-03-12 04:00:00,Hillsborough,38.333333333333336,,,
2024-03-12 05:00:00,Hillsborough,38.333333333333336,,,
2024-03-12 06:00:00,Hillsborough,38.66666666666666,,,
2024-03-12 07:00:00,Hillsborough,40.66666666666666,,,
2024-03-12 08:00:00,Hillsborough,45.0,5.145833333333333,,
2024-03-12 09:00:00,Hillsborough,49.0,,,
2024-03-12 10:00:00,Hillsborough,52.66666666666666,,,
2024-03-12 11:00:00,Hillsborough,54.66666666666666,,,
2024-03-12 12:00:00,Hillsborough,55.66666666666666,,,
2024-03-12 13:00:00,Hillsborough,57.333333333333336,,,
2024-03-12 14:00:00,Hillsborough,58.333333333333336,,,
2024-03-12 15:00:00,Hillsborough,59.0,,,
2024-03-12 16:00:00,Hillsborough,57.0,5.1125,,
2024-03-12 17:00:00,Hillsborough,55.66666666666666,,,
2024-03-12 18:00:00,Hillsborough,53.0,,,
2024-03-12 19:00:00,Hillsborough,50.66666666666666,,,
2024-03-12 20:00:00,Hillsborough,48.0,,,
2024-03-12 21:00:00,Hillsborough,47.0,,,
2024-03-12 22:00:00,Hillsborough,46.0,,,
2024-03-12 23:00:00,Hillsborough,43.333333333333336,,,
2024-03-13 00:00:00,Hillsborough,41.66666666666666,6.5375,54.0,
2024-03-13 01:00:00,Hillsborough,40.0,,,
2024-03-13 02:00:00,Hillsborough,39.66666666666666,,,
2024-03-13 03:00:00,Hillsborough,39.0,,,
2024-03-13 04:00:00,Hillsborough,38.333333333333336,,,
2024-03-13 05:00:00,Hillsborough,38.66666666666666,,,
2024-03-13 06:00:00,Hillsborough,39.0,,,
2024-03-13 07:00:00,Hillsborough,41.0,,,
2024-03-13 08:00:00,Hillsborough,49.0,6.191666666666666,,
2024-03-13 09:00:00,Hillsborough,55.0,,,
2024-03-13 10:00:00,Hillsborough,58.333333333333336,,,
2024-03-13 11:00:00,Hillsborough,61.66666666666666,,,
2024-03-13 12:00:00,Hillsborough,63.333333333333336,,,
2024-03-13 13:00:00,Hillsborough,64.33333333333333,,,
2024-03-13 14:00:00,Hillsborough,65.33333333333333,,,
2024-03-13 15:00:00,Hillsborough,64.33333333333333,,,
2024-03-13 16:00:00,Hillsborough,62.0,5.529166666666667,,
2024-03-13 17:00:00,Hillsborough,58.333333333333336,,,
2024-03-13 18:00:00,Hillsborough,54.333333333333336,,,
2024-03-13 19:00:00,Hillsborough,51.0,,,
2024-03-13 20:00:00,Hillsborough,49.333333333333336,,,
2024-03-13 21:00:00,Hillsborough,49.66666666666666,,,
2024-03-13 22:00:00,Hillsborough,48.66666666666666,,,
2024-03-13 23:00:00,Hillsborough,47.66666666666666,,,
2024-03-14 00:00:00,Hillsborough,46.333333333333336,7.6125,61.0,
2024-03-14 01:00:00,Hillsborough,44.66666666666666,,,
2024-03-14 02:00:00,Hillsborough,43.66666666666666,,,
2024-03-14 03:00:00,Hillsborough,42.66666666666666,,,
2024-03-14 04:00:00,Hillsborough,42.0,,,
2024-03-14 05:00:00,Hillsborough,41.66666666666666,,,
2024-03-14 06:00:00,Hillsborough,42.0,,,
2024-03-14 07:00:00,Hillsborough,45.333333333333336,,,
2024-03-14 08:00:00,Hillsborough,52.333333333333336,7.775,,
2024-03-14 09:00:00,Hillsborough,56.66666666666666,,,
2024-03-14 10:00:00,Hillsborough,59.66666666666666,,,
2024-03-14 11:00:00,Hillsborough,63.0,,,
2024-03-14 12:00:00,Hillsborough,65.66666666666667,,,
2024-03-14 13:00:00,Hillsborough,68.0,,,
2024-03-14 14:00:00,Hillsborough,69.66666666666667,,,
2024-03-14 15:00:00,Hillsborough,71.0,,,
2024-03-14 16:00:00,Hillsborough,68.66666666666667,8.241666666666667,,
2024-03-14 17:00:00,Hillsborough,64.0,,,
2024-03-14 18:00:00,Hillsborough,59.0,,,
2024-03-14 19:00:00,Hillsborough,55.333333333333336,,,
2024-03-14 20:00:00,Hillsborough,53.333333333333336,,,
2024-03-14 21:00:00,Hillsborough,51.333333333333336,,,
2024-03-14 22:00:00,Hillsborough,49.333333333333336,,,
2024-03-14 23:00:00,Hillsborough,50.0,,,
2024-03-15 00:00:00,Hillsborough,49.0,7.779166666666667,54.0,
2024-03-15 01:00:00,Hillsborough,48.333333333333336,,,
2024-03-15 02:00:00,Hillsborough,48.0,,,
2024-03-15 03:00:00,Hillsborough,47.66666666666666,,,
2024-03-15 04:00:00,Hillsborough,46.66666666666666,,,
2024-03-15 05:00:00,Hillsborough,46.333333333333336,,,
2024-03-15 06:00:00,Hillsborough,46.333333333333336,,,
2024-03-15 07:00:00,Hillsborough,46.333333333333336,,,
2024-03-15 08:00:00,Hillsborough,48.66666666666666,5.060416666666667,,
2024-03-15 09:00:00,Hillsborough,50.66666666666666,,,
2024-03-15 10:00:00,Hillsborough,52.0,,,
2024-03-15 11:00:00,Hillsborough,52.66666666666666,,,
2024-03-15 12:00:00,Hillsborough,53.66666666666666,,,
2024-03-15 13:00:00,Hillsborough,53.66666666666666,,,
2024-03-15 14:00:00,Hillsborough,55.333333333333336,,,
2024-03-15 15:00:00,Hillsborough,54.333333333333336,,,
2024-03-15 16:00:00,Hillsborough,53.0,5.762499999999999,,
2024-03-15 17:00:00,Hillsborough,51.333333333333336,,,
2024-03-15 18:00:00,Hillsborough,50.333333333333336,,,
2024-03-15 19:00:00,Hillsborough,49.333333333333336,,,
2024-03-15 20:00:00,Hillsborough,48.333333333333336,,,
2024-03-15 21:00:00,Hillsborough,47.66666666666666,,,
2024-03-15 22:00:00,Hillsborough,47.333333333333336,,,
2024-03-15 23:00:00,Hillsborough,47.0,,,
2024-03-16 00:00:00,Hillsborough,46.333333333333336,5.766666666666667,51.0,
2024-03-16 01:00:00,Hillsborough,45.66666666666666,,,
2024-03-16 02:00:00,Hillsborough,45.333333333333336,,,
2024-03-16 03:00:00,Hillsborough,44.333333333333336,,,
2024-03-16 04:00:00,Hillsborough,43.0,,,
2024-03-16 05:00:00,Hillsborough,42.66666666666666,,,
2024-03-16 06:00:00,Hillsborough,42.333333333333336,,,
2024-03-16 07:00:00,Hillsborough,44.333333333333336,,,
2024-03-16 08:00:00,Hillsborough,50.66666666666666,7.216666666666667,,
2024-03-16 09:00:00,Hillsborough,54.333333333333336,,,
2024-03-16 10:00:00,Hillsborough,56.66666666666666,,,
2024-03-16 11:00:00,Hillsborough,58.66666666666666,,,
2024-03-16 12:00:00,Hillsborough,59.66666666666666,,,
2024-03-16 13:00:00,Hillsborough,61.0,,,
2024-03-16 14:00:00,Hillsborough,61.333333333333336,,,
2024-03-16 15:00:00,Hillsborough,61.0,,,
2024-03-16 16:00:00,Hillsborough,59.66666666666666,8.05,,
2024-03-16 17:00:00,Hillsborough,57.333333333333336,,,
2024-03-16 18:00:00,Hillsborough,53.66666666666666,,,
2024-03-16 19:00:00,Hillsborough,51.66666666666666,,,
2024-03-16 20:00:00,Hillsborough,50.66666666666666,,,
2024-03-16 21:00:00,Hillsborough,49.0,,,
2024-03-16 22:00:00,Hillsborough,47.333333333333336,,,
2024-03-16 23:00:00,Hillsborough,47.0,,,
2024-03-17 00:00:00,Hillsborough,46.0,7.324999999999999,52.0,
2024-03-17 01:00:00,Hillsborough,47.66666666666666,,,
2024-03-17 02:00:00,Hillsborough,48.0,,,
2024-03-17 03:00:00,Hillsborough,47.333333333333336,,,
2024-03-17 04:00:00,Hillsborough,40.5,,,
2024-03-17 05:00:00,Hillsborough,48.333333333333336,,,
2024-03-17 06:00:00,Hillsborough,48.333333333333336,,,
2024-03-17 07:00:00,Hillsborough,49.66666666666666,,,
2024-03-17 08:00:00,Hillsborough,51.333333333333336,7.020833333333333,,
2024-03-17 09:00:00,Hillsborough,53.333333333333336,,,
2024-03-17 10:00:00,Hillsborough,55.333333333333336,,,
2024-03-17 11:00:00,Hillsborough,58.333333333333336,,,
2024-03-17 12:00:00,Hillsborough,60.0,,,
2024-03-17 13:00:00,Hillsborough,59.0,,,
2024-03-17 14:00:00,Hillsborough,57.0,,,
2024-03-17 15:00:00,Hillsborough,57.0,,,
2024-03-17 16:00:00,Hillsborough,56.0,7.175,,
2024-03-17 17:00:00,Hillsborough,54.0,,,
2024-03-17 18:00:00,Hillsborough,52.0,,,
2024-03-17 19:00:00,Hillsborough,49.66666666666666,,,
2024-03-17 20:00:00,Hillsborough,47.0,,,
2024-03-17 21:00:00,Hillsborough,45.66666666666666,,,
2024-03-17 22:00:00,Hillsborough,45.0,,,
2024-03-17 23:00:00,Hillsborough,44.0,,,
2024-03-18 00:00:00,Hillsborough,43.333333333333336,7.166666666666666,50.0,0.03762023809523806
2024-03-18 01:00:00,Hillsborough,42.66666666666666,,,
2024-03-18 02:00:00,Hillsborough,42.0,,,
2024-03-18 03:00:00,Hillsborough,43.66666666666666,,,
2024-03-18 04:00:00,Hillsborough,44.0,,,
2024-03-18 05:00:00,Hillsborough,43.66666666666666,,,
2024-03-18 06:00:00,Hillsborough,44.0,,,
2024-03-18 07:00:00,Hillsborough,46.333333333333336,,,
2024-03-18 08:00:00,Hillsborough,49.0,7.195833333333334,,
2024-03-18 09:00:00,Hillsborough,50.0,,,
2024-03-18 10:00:00,Hillsborough,52.0,,,
2024-03-18 11:00:00,Hillsborough,53.66666666666666,,,
2024-03-18 12:00:00,Hillsborough,55.333333333333336,,,
2024-03-18 13:00:00,Hillsborough,55.333333333333336,,,
2024-03-18 14:00:00,Hillsborough,55.0,,,
2024-03-18 15:00:00,Hillsborough,53.66666666666666,,,
2024-03-18 16:00:00,Hillsborough,51.0,3.7041666666666666,,
2024-03-18 17:00:00,Hillsborough,49.0,,,
2024-03-18 18:00:00,Hillsborough,46.66666666666666,,,
2024-03-18 19:00:00,Hillsborough,45.0,,,
2024-03-18 20:00:00,Hillsborough,44.0,,,
2024-03-18 21:00:00,Hillsborough,43.0,,,
2024-03-18 22:00:00,Hillsborough,41.66666666666666,,,
2024-03-18 23:00:00,Hillsborough,41.333333333333336,,,
2024-03-19 00:00:00,Hillsborough,40.66666666666666,3.870833333333333,49.0,
2024-03-19 01:00:00,Hillsborough,40.66666666666666,,,
2024-03-19 02:00:00,Hillsborough,40.66666666666666,,,
2024-03-19 03:00:00,Hillsborough,39.333333333333336,,,
2024-03-19 04:00:00,Hillsborough,37.333333333333336,,,
2024-03-19 05:00:00,Hillsborough,35.333333333333336,,,
2024-03-19 06:00:00,Hillsborough,36.0,,,
2024-03-19 07:00:00,Hillsborough,37.333333333333336,,,
2024-03-19 08:00:00,Hillsborough,39.333333333333336,2.7541666666666664,,
2024-03-19 09:00:00,Hillsborough,42.0,,,
2024-03-19 10:00:00,Hillsborough,44.333333333333336,,,
2024-03-19 11:00:00,Hillsborough,46.0,,,
2024-03-19 12:00:00,Hillsborough,46.66666666666666,,,
2024-03-19 13:00:00,Hillsborough,48.333333333333336,,,
2024-03-19 14:00:00,Hillsborough,48.333333333333336,,,
2024-03-19 15:00:00,Hillsborough,48.333333333333336,,,
2024-03-19 16:00:00,Hillsborough,48.0,5.154166666666667,,
2024-03-19 17:00:00,Hillsborough,46.66666666666666,,,
2024-03-19 18:00:00,Hillsborough,43.0,,,
2024-03-19 19:00:00,Hillsborough,39.66666666666666,,,
2024-03-19 20:00:00,Hillsborough,38.333333333333336,,,
2024-03-19 21:00:00,Hillsborough,36.66666666666666,,,
2024-03-19 22:00:00,Hillsborough,36.333333333333336,,,
2024-03-19 23:00:00,Hillsborough,35.333333333333336,,,
2024-03-20 00:00:00,Hillsborough,35.0,8.762500000000001,77.0,
2024-03-20 01:00:00,Hillsborough,34.666666666666664,,,
2024-03-20 02:00:00,Hillsborough,34.0,,,
2024-03-20 03:00:00,Hillsborough,34.333333333333336,,,
2024-03-20 04:00:00,Hillsborough,34.666666666666664,,,
2024-03-20 05:00:00,Hillsborough,35.333333333333336,,,
2024-03-20 06:00:00,Hillsborough,36.0,,,
2024-03-20 07:00:00,Hillsborough,37.66666666666666,,,
2024-03-20 08:00:00,Hillsborough,41.66666666666666,6.095833333333333,,
2024-03-20 09:00:00,Hillsborough,46.66666666666666,,,
2024-03-20 10:00:00,Hillsborough,49.66666666666666,,,
2024-03-20 11:00:00,Hillsborough,50.333333333333336,,,
2024-03-20 12:00:00,Hillsborough,52.333333333333336,,,
2024-03-20 13:00:00,Hillsborough,54.66666666666666,,,
2024-03-20 14:00:00,Hillsborough,55.0,,,
2024-03-20 15:00:00,Hillsborough,53.66666666666666,,,
2024-03-20 16:00:00,Hillsborough,51.333333333333336,4.9625,,
2024-03-20 17:00:00,Hillsborough,49.333333333333336,,,
2024-03-20 18:00:00,Hillsborough,46.66666666666666,,,
2024-03-20 19:00:00,Hillsborough,42.66666666666666,,,
2024-03-20 20:00:00,Hillsborough,40.333333333333336,,,
2024-03-20 21:00:00,Hillsborough,38.66666666666666,,,
2024-03-20 22:00:00,Hillsborough,37.0,,,
2024-03-20 23:00:00,Hillsborough,35.333333333333336,,,
2024-03-21 00:00:00,Hillsborough,34.333333333333336,10.0125,90.0,
2024-03-21 01:00:00,Hillsborough,33.666666666666664,,,
2024-03-21 02:00:00,Hillsborough,33.666666666666664,,,
2024-03-21 03:00:00,Hillsborough,33.333333333333336,,,
2024-03-21 04:00:00,Hillsborough,32.0,,,
2024-03-21 05:00:00,Hillsborough,30.666666666666668,,,
2024-03-21 06:00:00,Hillsborough,30.666666666666668,,,
2024-03-21 07:00:00,Hillsborough,32.0,,,
2024-03-21 08:00:00,Hillsborough,36.0,16.15416666666667,,
2024-03-21 09:00:00,Hillsborough,40.0,,,
2024-03-21 10:00:00,Hillsborough,42.66666666666666,,,
2024-03-21 11:00:00,Hillsborough,45.333333333333336,,,
2024-03-21 12:00:00,Hillsborough,47.333333333333336,,,
2024-03-21 13:00:00,Hillsborough,59.5,,,
2024-03-21 14:00:00,Hillsborough,60.0,,,
2024-03-21 15:00:00,Hillsborough,60.0,,,
2024-03-21 16:00:00,Hillsborough,48.66666666666666,7.177083333333333,,
2024-03-21 17:00:00,Hillsborough,45.333333333333336,,,
2024-03-21 18:00:00,Hillsborough,42.66666666666666,,,
2024-03-21 19:00:00,Hillsborough,41.333333333333336,,,
2024-03-21 20:00:00,Hillsborough,40.0,,,
2024-03-21 21:00:00,Hillsborough,38.66666666666666,,,
2024-03-21 22:00:00,Hillsborough,37.66666666666666,,,
2024-03-21 23:00:00,Hillsborough,37.0,,,
2024-03-22 00:00:00,Hillsborough,36.66666666666666,3.8458333333333337,38.0,
2024-03-22 01:00:00,Hillsborough,36.333333333333336,,,
2024-03-22 02:00:00,Hillsborough,35.333333333333336,,,
2024-03-22 03:00:00,Hillsborough,34.666666666666664,,,
2024-03-22 04:00:00,Hillsborough,34.333333333333336,,,
2024-03-22 05:00:00,Hillsborough,33.333333333333336,,,
2024-03-22 06:00:00,Hillsborough,33.0,,,
2024-03-22 07:00:00,Hillsborough,34.0,,,
2024-03-22 08:00:00,Hillsborough,36.66666666666666,3.19375,,
2024-03-22 09:00:00,Hillsborough,39.0,,,
2024-03-22 10:00:00,Hillsborough,41.333333333333336,,,
2024-03-22 11:00:00,Hillsborough,43.66666666666666,,,
2024-03-22 12:00:00,Hillsborough,45.333333333333336,,,
2024-03-22 13:00:00,Hillsborough,47.333333333333336,,,
2024-03-22 14:00:00,Hillsborough,48.333333333333336,,,
2024-03-22 15:00:00,Hillsborough,46.333333333333336,,,
2024-03-22 16:00:00,Hillsborough,45.0,2.8583333333333334,,
2024-03-22 17:00:00,Hillsborough,44.0,,,
2024-03-22 18:00:00,Hillsborough,43.333333333333336,,,
2024-03-22 19:00:00,Hillsborough,42.333333333333336,,,
2024-03-22 20:00:00,Hillsborough,41.66666666666666,,,
2024-03-22 21:00:00,Hillsborough,41.66666666666666,,,
2024-03-22 22:00:00,Hillsborough,41.0,,,
2024-03-22 23:00:00,Hillsborough,38.66666666666666,,,
2024-03-23 00:00:00,Hillsborough,38.0,3.1875,46.0,
2024-03-23 01:00:00,Hillsborough,38.333333333333336,,,
2024-03-23 02:00:00,Hillsborough,38.0,,,
2024-03-23 03:00:00,Hillsborough,37.66666666666666,,,
2024-03-23 04:00:00,Hillsborough,37.66666666666666,,,
2024-03-23 05:00:00,Hillsborough,38.333333333333336,,,
2024-03-23 06:00:00,Hillsborough,38.66666666666666,,,
2024-03-23 07:00:00,Hillsborough,39.333333333333336,,,
2024-03-23 08:00:00,Hillsborough,41.0,3.3000000000000003,,
2024-03-23 09:00:00,Hillsborough,43.66666666666666,,,
2024-03-23 10:00:00,Hillsborough,43.66666666666666,,,
2024-03-23 11:00:00,Hillsborough,44.66666666666666,,,
2024-03-23 12:00:00,Hillsborough,45.66666666666666,,,
2024-03-23 13:00:00,Hillsborough,45.66666666666666,,,
2024-03-23 14:00:00,Hillsborough,46.66666666666666,,,
2024-03-23 15:00:00,Hillsborough,46.66666666666666,,,
2024-03-23 16:00:00,Hillsborough,46.333333333333336,4.870833333333334,,
2024-03-23 17:00:00,Hillsborough,46.333333333333336,,,
2024-03-23 18:00:00,Hillsborough,44.0,,,
2024-03-23 19:00:00,Hillsborough,49.0,,,
2024-03-23 20:00:00,Hillsborough,49.0,,,
2024-03-23 21:00:00,Hillsborough,48.0,,,
2024-03-23 22:00:00,Hillsborough,47.0,,,
2024-03-23 23:00:00,Hillsborough,46.0,,,
2024-03-24 00:00:00,Hillsborough,45.5,4.8,49.0,
2024-03-24 01:00:00,Hillsborough,44.5,,,
2024-03-24 02:00:00,Hillsborough,43.5,,,
2024-03-24 03:00:00,Hillsborough,43.0,,,
2024-03-24 04:00:00,Hillsborough,42.0,,,
2024-03-24 05:00:00,Hillsborough,41.0,,,
2024-03-24 06:00:00,Hillsborough,41.0,,,
2024-03-24 07:00:00,Hillsborough,41.5,,,
2024-03-24 08:00:00,Hillsborough,44.5,6.4625,,
2024-03-24 09:00:00,Hillsborough,48.0,,,
2024-03-24 10:00:00,Hillsborough,52.0,,,
2024-03-24 11:00:00,Hillsborough,54.5,,,
2024-03-24 12:00:00,Hillsborough,57.0,,,
2024-03-24 13:00:00,Hillsborough,58.0,,,
2024-03-24 14:00:00,Hillsborough,57.5,,,
2024-03-24 15:00:00,Hillsborough,58.0,,,
2024-03-24 16:00:00,Hillsborough,57.5,8.077083333333334,,
2024-03-24 17:00:00,Hillsborough,55.0,,,
2024-03-24 18:00:00,Hillsborough,41.66666666666666,,,
2024-03-24 19:00:00,Hillsborough,40.0,,,
2024-03-24 20:00:00,Hillsborough,38.66666666666666,,,
2024-03-24 21:00:00,Hillsborough,37.333333333333336,,,
2024-03-24 22:00:00,Hillsborough,36.333333333333336,,,
2024-03-24 23:00:00,Hillsborough,36.0,,,
2024-03-25 00:00:00,Hillsborough,35.666666666666664,6.495833333333334,52.0,0.036198115079365045
2024-03-25 01:00:00,Hillsborough,35.0,,,
2024-03-25 02:00:00,Hillsborough,35.0,,,
2024-03-25 03:00:00,Hillsborough,34.666666666666664,,,
2024-03-25 04:00:00,Hillsborough,35.0,,,
2024-03-25 05:00:00,Hillsborough,35.0,,,
2024-03-25 06:00:00,Hillsborough,35.0,,,
2024-03-25 07:00:00,Hillsborough,38.0,,,
2024-03-25 08:00:00,Hillsborough,41.66666666666666,5.404166666666667,,
2024-03-25 09:00:00,Hillsborough,45.66666666666666,,,
2024-03-25 10:00:00,Hillsborough,48.0,,,
2024-03-25 11:00:00,Hillsborough,50.0,,,
2024-03-25 12:00:00,Hillsborough,51.0,,,
2024-03-25 13:00:00,Hillsborough,51.66666666666666,,,
2024-03-25 14:00:00,Hillsborough,52.66666666666666,,,
2024-03-25 15:00:00,Hillsborough,52.0,,,
2024-03-25 16:00:00,Hillsborough,50.0,6.0125,,
2024-03-25 17:00:00,Hillsborough,47.333333333333336,,,
2024-03-25 18:00:00,Hillsborough,45.0,,,
2024-03-25 19:00:00,Hillsborough,43.0,,,
2024-03-25 20:00:00,Hillsborough,41.0,,,
2024-03-25 21:00:00,Hillsborough,40.0,,,
2024-03-25 22:00:00,Hillsborough,40.333333333333336,,,
2024-03-25 23:00:00,Hillsborough,39.66666666666666,,,
2024-03-26 00:00:00,Hillsborough,39.333333333333336,4.270833333333333,48.0,
2024-03-26 01:00:00,Hillsborough,39.333333333333336,,,
2024-03-26 02:00:00,Hillsborough,39.66666666666666,,,
2024-03-26 03:00:00,Hillsborough,40.0,,,
2024-03-26 04:00:00,Hillsborough,40.0,,,
2024-03-26 05:00:00,Hillsborough,40.0,,,
2024-03-26 06:00:00,Hillsborough,40.66666666666666,,,
2024-03-26 07:00:00,Hillsborough,42.0,,,
2024-03-26 08:00:00,Hillsborough,44.66666666666666,4.170833333333333,,
2024-03-26 09:00:00,Hillsborough,46.333333333333336,,,
2024-03-26 10:00:00,Hillsborough,48.0,,,
2024-03-26 11:00:00,Hillsborough,49.66666666666666,,,
2024-03-26 12:00:00,Hillsborough,50.333333333333336,,,
2024-03-26 13:00:00,Hillsborough,51.0,,,
2024-03-26 14:00:00,Hillsborough,51.0,,,
2024-03-26 15:00:00,Hillsborough,50.66666666666666,,,
2024-03-26 16:00:00,Hillsborough,50.333333333333336,5.116666666666667,,
2024-03-26 17:00:00,Hillsborough,49.0,,,
2024-03-26 18:00:00,Hillsborough,47.66666666666666,,,
2024-03-26 19:00:00,Hillsborough,46.66666666666666,,,
2024-03-26 20:00:00,Hillsborough,46.0,,,
2024-03-26 21:00:00,Hillsborough,44.66666666666666,,,
2024-03-26 22:00:00,Hillsborough,44.66666666666666,,,
2024-03-26 23:00:00,Hillsborough,44.66666666666666,,,
2024-03-27 00:00:00,Hillsborough,45.333333333333336,4.654166666666667,46.0,
2024-03-27 01:00:00,Hillsborough,45.0,,,
2024-03-27 02:00:00,Hillsborough,45.0,,,
2024-03-27 03:00:00,Hillsborough,45.0,,,
2024-03-27 04:00:00,Hillsborough,45.333333333333336,,,
2024-03-27 05:00:00,Hillsborough,45.333333333333336,,,
2024-03-27 06:00:00,Hillsborough,45.66666666666666,,,
2024-03-27 07:00:00,Hillsborough,47.333333333333336,,,
2024-03-27 08:00:00,Hillsborough,50.66666666666666,5.7375,,
2024-03-27 09:00:00,Hillsborough,52.66666666666666,,,
2024-03-27 10:00:00,Hillsborough,55.66666666666666,,,
2024-03-27 11:00:00,Hillsborough,59.333333333333336,,,
2024-03-27 12:00:00,Hillsborough,61.0,,,
2024-03-27 13:00:00,Hillsborough,63.0,,,
2024-03-27 14:00:00,Hillsborough,61.333333333333336,,,
2024-03-27 15:00:00,Hillsborough,55.66666666666666,,,
2024-03-27 16:00:00,Hillsborough,54.66666666666666,4.516666666666667,,
2024-03-27 17:00:00,Hillsborough,53.66666666666666,,,
2024-03-27 18:00:00,Hillsborough,52.66666666666666,,,
2024-03-27 19:00:00,Hillsborough,52.333333333333336,,,
2024-03-27 20:00:00,Hillsborough,52.333333333333336,,,
2024-03-27 21:00:00,Hillsborough,52.333333333333336,,,
2024-03-27 22:00:00,Hillsborough,52.0,,,
2024-03-27 23:00:00,Hillsborough,52.66666666666666,,,
2024-03-28 00:00:00,Hillsborough,53.333333333333336,4.929166666666667,44.0,
2024-03-28 01:00:00,Hillsborough,53.66666666666666,,,
2024-03-28 02:00:00,Hillsborough,53.0,,,
2024-03-28 03:00:00,Hillsborough,52.333333333333336,,,
2024-03-28 04:00:00,Hillsborough,52.66666666666666,,,
2024-03-28 05:00:00,Hillsborough,52.66666666666666,,,
2024-03-28 06:00:00,Hillsborough,53.0,,,
2024-03-28 07:00:00,Hillsborough,53.0,,,
2024-03-28 08:00:00,Hillsborough,54.0,3.7458333333333336,,
2024-03-28 09:00:00,Hillsborough,54.0,,,
2024-03-28 10:00:00,Hillsborough,55.0,,,
2024-03-28 11:00:00,Hillsborough,55.333333333333336,,,
2024-03-28 12:00:00,Hillsborough,55.66666666666666,,,
2024-03-28 13:00:00,Hillsborough,56.0,,,
2024-03-28 14:00:00,Hillsborough,55.66666666666666,,,
2024-03-28 15:00:00,Hillsborough,54.66666666666666,,,
2024-03-28 16:00:00,Hillsborough,53.66666666666666,3.683333333333333,,
2024-03-28 17:00:00,Hillsborough,52.333333333333336,,,
2024-03-28 18:00:00,Hillsborough,50.66666666666666,,,
2024-03-28 19:00:00,Hillsborough,49.333333333333336,,,
2024-03-28 20:00:00,Hillsborough,48.0,,,
2024-03-28 21:00:00,Hillsborough,47.333333333333336,,,
2024-03-28 22:00:00,Hillsborough,46.66666666666666,,,
2024-03-28 23:00:00,Hillsborough,46.333333333333336,,,
2024-03-29 00:00:00,Hillsborough,45.333333333333336,5.175,77.0,
2024-03-29 01:00:00,Hillsborough,44.0,,,
2024-03-29 02:00:00,Hillsborough,42.66666666666666,,,
2024-03-29 03:00:00,Hillsborough,41.66666666666666,,,
2024-03-29 04:00:00,Hillsborough,41.0,,,
2024-03-29 05:00:00,Hillsborough,41.333333333333336,,,
2024-03-29 06:00:00,Hillsborough,40.66666666666666,,,
2024-03-29 07:00:00,Hillsborough,41.66666666666666,,,
2024-03-29 08:00:00,Hillsborough,43.333333333333336,4.008333333333333,,
2024-03-29 09:00:00,Hillsborough,46.0,,,
2024-03-29 10:00:00,Hillsborough,48.66666666666666,,,
2024-03-29 11:00:00,Hillsborough,50.66666666666666,,,
2024-03-29 12:00:00,Hillsborough,52.333333333333336,,,
2024-03-29 13:00:00,Hillsborough,54.333333333333336,,,
2024-03-29 14:00:00,Hillsborough,55.0,,,
2024-03-29 15:00:00,Hillsborough,55.66666666666666,,,
2024-03-29 16:00:00,Hillsborough,55.333333333333336,4.645833333333334,,
2024-03-29 17:00:00,Hillsborough,54.0,,,
2024-03-29 18:00:00,Hillsborough,51.333333333333336,,,
2024-03-29 19:00:00,Hillsborough,47.66666666666666,,,
2024-03-29 20:00:00,Hillsborough,45.333333333333336,,,
2024-03-29 21:00:00,Hillsborough,44.0,,,
2024-03-29 22:00:00,Hillsborough,42.66666666666666,,,
2024-03-29 23:00:00,Hillsborough,41.66666666666666,,,
2024-03-30 00:00:00,Hillsborough,41.0,7.425,61.0,
2024-03-30 01:00:00,Hillsborough,40.0,,,
2024-03-30 02:00:00,Hillsborough,40.0,,,
2024-03-30 03:00:00,Hillsborough,40.0,,,
2024-03-30 04:00:00,Hillsborough,39.0,,,
2024-03-30 05:00:00,Hillsborough,39.0,,,
2024-03-30 06:00:00,Hillsborough,39.333333333333336,,,
2024-03-30 07:00:00,Hillsborough,41.66666666666666,,,
2024-03-30 08:00:00,Hillsborough,45.66666666666666,5.220833333333333,,
2024-03-30 09:00:00,Hillsborough,49.66666666666666,,,
2024-03-30 10:00:00,Hillsborough,52.66666666666666,,,
2024-03-30 11:00:00,Hillsborough,55.333333333333336,,,
2024-03-30 12:00:00,Hillsborough,57.0,,,
2024-03-30 13:00:00,Hillsborough,58.66666666666666,,,
2024-03-30 14:00:00,Hillsborough,60.333333333333336,,,
2024-03-30 15:00:00,Hillsborough,61.0,,,
2024-03-30 16:00:00,Hillsborough,60.66666666666666,4.933333333333334,,
2024-03-30 17:00:00,Hillsborough,57.333333333333336,,,
2024-03-30 18:00:00,Hillsborough,54.66666666666666,,,
2024-03-30 19:00:00,Hillsborough,52.66666666666666,,,
2024-03-30 20:00:00,Hillsborough,51.0,,,
2024-03-30 21:00:00,Hillsborough,49.0,,,
2024-03-30 22:00:00,Hillsborough,46.333333333333336,,,
2024-03-30 23:00:00,Hillsborough,45.0,,,
2024-03-31 00:00:00,Hillsborough,44.0,7.241666666666666,45.0,
2024-03-31 01:00:00,Hillsborough,43.0,,,
2024-03-31 02:00:00,Hillsborough,43.0,,,
2024-03-31 03:00:00,Hillsborough,42.66666666666666,,,
2024-03-31 04:00:00,Hillsborough,42.0,,,
2024-03-31 05:00:00,Hillsborough,41.333333333333336,,,
2024-03-31 06:00:00,Hillsborough,42.333333333333336,,,
2024-03-31 07:00:00,Hillsborough,45.66666666666666,,,
2024-03-31 08:00:00,Hillsborough,51.0,4.491666666666666,,
2024-03-31 09:00:00,Hillsborough,54.333333333333336,,,
2024-03-31 10:00:00,Hillsborough,56.333333333333336,,,
2024-03-31 11:00:00,Hillsborough,58.333333333333336,,,
2024-03-31 12:00:00,Hillsborough,59.66666666666666,,,
2024-03-31 13:00:00,Hillsborough,60.66666666666666,,,
2024-03-31 14:00:00,Hillsborough,61.0,,,
2024-03-31 15:00:00,Hillsborough,61.66666666666666,,,
2024-03-31 16:00:00,Hillsborough,60.66666666666666,4.791666666666667,,
2024-03-31 17:00:00,Hillsborough,58.333333333333336,,,
2024-03-31 18:00:00,Hillsborough,54.66666666666666,,,
2024-03-31 19:00:00,Hillsborough,52.0,,,
2024-03-31 20:00:00,Hillsborough,48.66666666666666,,,
2024-03-31 21:00:00,Hillsborough,46.333333333333336,,,
2024-03-31 22:00:00,Hillsborough,45.333333333333336,,,
2024-03-31 23:00:00,Hillsborough,44.333333333333336,,,
2024-04-01 00:00:00,Hillsborough,43.333333333333336,6.170833333333333,49.0,0.03912460317460314
2024-04-01 01:00:00,Hillsborough,43.333333333333336,,,
2024-04-01 02:00:00,Hillsborough,42.333333333333336,,,
2024-04-01 03:00:00,Hillsborough,42.0,,,
2024-04-01 04:00:00,Hillsborough,42.333333333333336,,,
2024-04-01 05:00:00,Hillsborough,42.333333333333336,,,
2024-04-01 06:00:00,Hillsborough,43.0,,,
2024-04-01 07:00:00,Hillsborough,46.0,,,
2024-04-01 08:00:00,Hillsborough,51.333333333333336,5.779166666666667,,
2024-04-01 09:00:00,Hillsborough,53.66666666666666,,,
2024-04-01 10:00:00,Hillsborough,55.66666666666666,,,
2024-04-01 11:00:00,Hillsborough,57.66666666666666,,,
2024-04-01 12:00:00,Hillsborough,60.333333333333336,,,
2024-04-01 13:00:00,Hillsborough,63.0,,,
2024-04-01 14:00:00,Hillsborough,63.66666666666666,,,
2024-04-01 15:00:00,Hillsborough,63.333333333333336,,,
2024-04-01 16:00:00,Hillsborough,62.333333333333336,6.116666666666667,,
2024-04-01 17:00:00,Hillsborough,59.333333333333336,,,
2024-04-01 18:00:00,Hillsborough,56.333333333333336,,,
2024-04-01 19:00:00,Hillsborough,54.0,,,
2024-04-01 20:00:00,Hillsborough,52.0,,,
2024-04-01 21:00:00,Hillsborough,50.333333333333336,,,
2024-04-01 22:00:00,Hillsborough,48.66666666666666,,,
2024-04-01 23:00:00,Hillsborough,47.66666666666666,,,
2024-04-02 00:00:00,Hillsborough,46.333333333333336,8.537500000000001,60.0,
2024-04-02 01:00:00,Hillsborough,45.333333333333336,,,
2024-04-02 02:00:00,Hillsborough,44.66666666666666,,,
2024-04-02 03:00:00,Hillsborough,44.66666666666666,,,
2024-04-02 04:00:00,Hillsborough,44.0,,,
2024-04-02 05:00:00,Hillsborough,43.66666666666666,,,
2024-04-02 06:00:00,Hillsborough,44.0,,,
2024-04-02 07:00:00,Hillsborough,46.66666666666666,,,
2024-04-02 08:00:00,Hillsborough,50.0,7.3875,,
2024-04-02 09:00:00,Hillsborough,53.0,,,
2024-04-02 10:00:00,Hillsborough,56.333333333333336,,,
2024-04-02 11:00:00,Hillsborough,57.333333333333336,,,
2024-04-02 12:00:00,Hillsborough,58.66666666666666,,,
2024-04-02 13:00:00,Hillsborough,58.333333333333336,,,
2024-04-02 14:00:00,Hillsborough,57.66666666666666,,,
2024-04-02 15:00:00,Hillsborough,56.66666666666666,,,
2024-04-02 16:00:00,Hillsborough,55.0,8.75,,
2024-04-02 17:00:00,Hillsborough,53.333333333333336,,,
2024-04-02 18:00:00,Hillsborough,51.66666666666666,,,
2024-04-02 19:00:00,Hillsborough,49.66666666666666,,,
2024-04-02 20:00:00,Hillsborough,49.0,,,
2024-04-02 21:00:00,Hillsborough,48.333333333333336,,,
2024-04-02 22:00:00,Hillsborough,47.66666666666666,,,
2024-04-02 23:00:00,Hillsborough,47.66666666666666,,,
2024-04-03 00:00:00,Hillsborough,47.333333333333336,9.116666666666667,53.0,
2024-04-03 01:00:00,Hillsborough,46.66666666666666,,,
2024-04-03 02:00:00,Hillsborough,46.333333333333336,,,
2024-04-03 03:00:00,Hillsborough,45.66666666666666,,,
2024-04-03 04:00:00,Hillsborough,45.66666666666666,,,
2024-04-03 05:00:00,Hillsborough,45.333333333333336,,,
2024-04-03 06:00:00,Hillsborough,46.333333333333336,,,
2024-04-03 07:00:00,Hillsborough,47.66666666666666,,,
2024-04-03 08:00:00,Hillsborough,49.66666666666666,7.333333333333333,,
2024-04-03 09:00:00,Hillsborough,52.0,,,
2024-04-03 10:00:00,Hillsborough,52.333333333333336,,,
2024-04-03 11:00:00,Hillsborough,51.333333333333336,,,
2024-04-03 12:00:00,Hillsborough,50.0,,,
2024-04-03 13:00:00,Hillsborough,49.333333333333336,,,
2024-04-03 14:00:00,Hillsborough,46.333333333333336,,,
2024-04-03 15:00:00,Hillsborough,44.333333333333336,,,
2024-04-03 16:00:00,Hillsborough,43.333333333333336,3.875,,
2024-04-03 17:00:00,Hillsborough,43.0,,,
2024-04-03 18:00:00,Hillsborough,42.66666666666666,,,
2024-04-03 19:00:00,Hillsborough,43.0,,,
2024-04-03 20:00:00,Hillsborough,42.66666666666666,,,
2024-04-03 21:00:00,Hillsborough,41.66666666666666,,,
2024-04-03 22:00:00,Hillsborough,41.333333333333336,,,
2024-04-03 23:00:00,Hillsborough,40.66666666666666,,,
2024-04-04 00:00:00,Hillsborough,40.333333333333336,3.4791666666666665,50.0,
2024-04-04 01:00:00,Hillsborough,40.66666666666666,,,
2024-04-04 02:00:00,Hillsborough,40.333333333333336,,,
2024-04-04 03:00:00,Hillsborough,39.333333333333336,,,
2024-04-04 04:00:00,Hillsborough,39.333333333333336,,,
2024-04-04 05:00:00,Hillsborough,39.0,,,
2024-04-04 06:00:00,Hillsborough,39.333333333333336,,,
2024-04-04 07:00:00,Hillsborough,40.0,,,
2024-04-04 08:00:00,Hillsborough,41.66666666666666,3.379166666666667,,
2024-04-04 09:00:00,Hillsborough,42.66666666666666,,,
2024-04-04 10:00:00,Hillsborough,43.333333333333336,,,
2024-04-04 11:00:00,Hillsborough,44.333333333333336,,,
2024-04-04 12:00:00,Hillsborough,44.66666666666666,,,
2024-04-04 13:00:00,Hillsborough,44.66666666666666,,,
2024-04-04 14:00:00,Hillsborough,44.66666666666666,,,
2024-04-04 15:00:00,Hillsborough,44.66666666666666,,,
2024-04-04 16:00:00,Hillsborough,44.333333333333336,2.558333333333333,,
2024-04-04 17:00:00,Hillsborough,43.66666666666666,,,
2024-04-04 18:00:00,Hillsborough,42.66666666666666,,,
2024-04-04 19:00:00,Hillsborough,41.66666666666666,,,
2024-04-04 20:00:00,Hillsborough,41.0,,,
2024-04-04 21:00:00,Hillsborough,40.66666666666666,,,
2024-04-04 22:00:00,Hillsborough,39.66666666666666,,,
2024-04-04 23:00:00,Hillsborough,39.66666666666666,,,
2024-04-05 00:00:00,Hillsborough,39.333333333333336,3.216666666666667,71.0,
2024-04-05 01:00:00,Hillsborough,39.333333333333336,,,
2024-04-05 02:00:00,Hillsborough,38.333333333333336,,,
2024-04-05 03:00:00,Hillsborough,37.333333333333336,,,
2024-04-05 04:00:00,Hillsborough,36.66666666666666,,,
2024-04-05 05:00:00,Hillsborough,36.66666666666666,,,
2024-04-05 06:00:00,Hillsborough,37.0,,,
2024-04-05 07:00:00,Hillsborough,40.333333333333336,,,
2024-04-05 08:00:00,Hillsborough,44.0,3.904166666666667,,
2024-04-05 09:00:00,Hillsborough,45.66666666666666,,,
2024-04-05 10:00:00,Hillsborough,47.66666666666666,,,
2024-04-05 11:00:00,Hillsborough,49.0,,,
2024-04-05 12:00:00,Hillsborough,49.333333333333336,,,
2024-04-05 13:00:00,Hillsborough,49.66666666666666,,,
2024-04-05 14:00:00,Hillsborough,49.66666666666666,,,
2024-04-05 15:00:00,Hillsborough,49.333333333333336,,,
2024-04-05 16:00:00,Hillsborough,49.0,4.141666666666667,,
2024-04-05 17:00:00,Hillsborough,48.333333333333336,,,
2024-04-05 18:00:00,Hillsborough,46.66666666666666,,,
2024-04-05 19:00:00,Hillsborough,45.66666666666666,,,
2024-04-05 20:00:00,Hillsborough,45.0,,,
2024-04-05 21:00:00,Hillsborough,44.66666666666666,,,
2024-04-05 22:00:00,Hillsborough,44.0,,,
2024-04-05 23:00:00,Hillsborough,43.333333333333336,,,
2024-04-06 00:00:00,Hillsborough,42.333333333333336,6.041666666666666,67.0,
2024-04-06 01:00:00,Hillsborough,42.333333333333336,,,
2024-04-06 02:00:00,Hillsborough,42.66666666666666,,,
2024-04-06 03:00:00,Hillsborough,41.333333333333336,,,
2024-04-06 04:00:00,Hillsborough,40.66666666666666,,,
2024-04-06 05:00:00,Hillsborough,39.333333333333336,,,
2024-04-06 06:00:00,Hillsborough,39.66666666666666,,,
2024-04-06 07:00:00,Hillsborough,42.0,,,
2024-04-06 08:00:00,Hillsborough,43.66666666666666,6.975,,
2024-04-06 09:00:00,Hillsborough,46.0,,,
2024-04-06 10:00:00,Hillsborough,47.0,,,
2024-04-06 11:00:00,Hillsborough,47.66666666666666,,,
2024-04-06 12:00:00,Hillsborough,49.0,,,
2024-04-06 13:00:00,Hillsborough,50.0,,,
2024-04-06 14:00:00,Hillsborough,50.333333333333336,,,
2024-04-06 15:00:00,Hillsborough,51.0,,,
2024-04-06 16:00:00,Hillsborough,49.66666666666666,5.283333333333333,,
2024-04-06 17:00:00,Hillsborough,47.333333333333336,,,
2024-04-06 18:00:00,Hillsborough,45.66666666666666,,,
2024-04-06 19:00:00,Hillsborough,44.0,,,
2024-04-06 20:00:00,Hillsborough,42.66666666666666,,,
2024-04-06 21:00:00,Hillsborough,42.0,,,
2024-04-06 22:00:00,Hillsborough,41.66666666666666,,,
2024-04-06 23:00:00,Hillsborough,41.333333333333336,,,
2024-04-07 00:00:00,Hillsborough,40.0,6.5375,67.0,
2024-04-07 01:00:00,Hillsborough,39.66666666666666,,,
2024-04-07 02:00:00,Hillsborough,39.333333333333336,,,
2024-04-07 03:00:00,Hillsborough,38.66666666666666,,,
2024-04-07 04:00:00,Hillsborough,38.66666666666666,,,
2024-04-07 05:00:00,Hillsborough,38.0,,,
2024-04-07 06:00:00,Hillsborough,38.66666666666666,,,
2024-04-07 07:00:00,Hillsborough,41.66666666666666,,,
2024-04-07 08:00:00,Hillsborough,44.333333333333336,4.325,,
2024-04-07 09:00:00,Hillsborough,47.0,,,
2024-04-07 10:00:00,Hillsborough,48.66666666666666,,,
2024-04-07 11:00:00,Hillsborough,50.66666666666666,,,
2024-04-07 12:00:00,Hillsborough,51.66666666666666,,,
2024-04-07 13:00:00,Hillsborough,53.66666666666666,,,
2024-04-07 14:00:00,Hillsborough,55.0,,,
2024-04-07 15:00:00,Hillsborough,56.0,,,
2024-04-07 16:00:00,Hillsborough,55.333333333333336,4.7,,
2024-04-07 17:00:00,Hillsborough,55.0,,,
2024-04-07 18:00:00,Hillsborough,52.0,,,
2024-04-07 19:00:00,Hillsborough,47.333333333333336,,,
2024-04-07 20:00:00,Hillsborough,45.333333333333336,,,
2024-04-07 21:00:00,Hillsborough,44.66666666666666,,,
2024-04-07 22:00:00,Hillsborough,43.333333333333336,,,
2024-04-07 23:00:00,Hillsborough,42.333333333333336,,,
2024-04-08 00:00:00,Hillsborough,41.0,3.6041666666666665,49.0,0.04164722222222218
2024-04-08 01:00:00,Hillsborough,40.66666666666666,,,
2024-04-08 02:00:00,Hillsborough,40.0,,,
2024-04-08 03:00:00,Hillsborough,40.0,,,
2024-04-08 04:00:00,Hillsborough,39.0,,,
2024-04-08 05:00:00,Hillsborough,39.66666666666666,,,
2024-04-08 06:00:00,Hillsborough,42.0,,,
2024-04-08 07:00:00,Hillsborough,48.333333333333336,,,
2024-04-08 08:00:00,Hillsborough,56.66666666666666,3.0375,,
2024-04-08 09:00:00,Hillsborough,60.333333333333336,,,
2024-04-08 10:00:00,Hillsborough,63.333333333333336,,,
2024-04-08 11:00:00,Hillsborough,66.0,,,
2024-04-08 12:00:00,Hillsborough,68.0,,,
2024-04-08 13:00:00,Hillsborough,68.0,,,
2024-04-08 14:00:00,Hillsborough,64.66666666666667,,,
2024-04-08 15:00:00,Hillsborough,67.66666666666667,,,
2024-04-08 16:00:00,Hillsborough,67.66666666666667,3.3625,,
2024-04-08 17:00:00,Hillsborough,63.66666666666666,,,
2024-04-08 18:00:00,Hillsborough,60.0,,,
2024-04-08 19:00:00,Hillsborough,56.333333333333336,,,
2024-04-08 20:00:00,Hillsborough,53.66666666666666,,,
2024-04-08 21:00:00,Hillsborough,53.0,,,
2024-04-08 22:00:00,Hillsborough,52.333333333333336,,,
2024-04-08 23:00:00,Hillsborough,51.333333333333336,,,
2024-04-09 00:00:00,Hillsborough,49.66666666666666,4.3,58.0,
2024-04-09 01:00:00,Hillsborough,49.0,,,
2024-04-09 02:00:00,Hillsborough,48.0,,,
2024-04-09 03:00:00,Hillsborough,47.0,,,
2024-04-09 04:00:00,Hillsborough,46.66666666666666,,,
2024-04-09 05:00:00,Hillsborough,47.0,,,
2024-04-09 06:00:00,Hillsborough,49.333333333333336,,,
2024-04-09 07:00:00,Hillsborough,55.66666666666666,,,
2024-04-09 08:00:00,Hillsborough,61.66666666666666,4.883333333333334,,
2024-04-09 09:00:00,Hillsborough,65.33333333333333,,,
2024-04-09 10:00:00,Hillsborough,67.66666666666667,,,
2024-04-09 11:00:00,Hillsborough,69.66666666666667,,,
2024-04-09 12:00:00,Hillsborough,71.0,,,
2024-04-09 13:00:00,Hillsborough,72.33333333333333,,,
2024-04-09 14:00:00,Hillsborough,72.0,,,
2024-04-09 15:00:00,Hillsborough,70.66666666666667,,,
2024-04-09 16:00:00,Hillsborough,67.33333333333333,6.841666666666667,,
2024-04-09 17:00:00,Hillsborough,63.333333333333336,,,
2024-04-09 18:00:00,Hillsborough,59.0,,,
2024-04-09 19:00:00,Hillsborough,55.66666666666666,,,
2024-04-09 20:00:00,Hillsborough,53.66666666666666,,,
2024-04-09 21:00:00,Hillsborough,51.0,,,
2024-04-09 22:00:00,Hillsborough,49.333333333333336,,,
2024-04-09 23:00:00,Hillsborough,47.333333333333336,,,
2024-04-10 00:00:00,Hillsborough,46.333333333333336,6.333333333333334,57.0,
2024-04-10 01:00:00,Hillsborough,44.66666666666666,,,
2024-04-10 02:00:00,Hillsborough,43.66666666666666,,,
2024-04-10 03:00:00,Hillsborough,44.0,,,
2024-04-10 04:00:00,Hillsborough,44.0,,,
2024-04-10 05:00:00,Hillsborough,44.0,,,
2024-04-10 06:00:00,Hillsborough,46.333333333333336,,,
2024-04-10 07:00:00,Hillsborough,49.66666666666666,,,
2024-04-10 08:00:00,Hillsborough,53.66666666666666,8.2375,,
2024-04-10 09:00:00,Hillsborough,57.333333333333336,,,
2024-04-10 10:00:00,Hillsborough,61.66666666666666,,,
2024-04-10 11:00:00,Hillsborough,64.0,,,
2024-04-10 12:00:00,Hillsborough,66.33333333333333,,,
2024-04-10 13:00:00,Hillsborough,64.33333333333333,,,
2024-04-10 14:00:00,Hillsborough,62.333333333333336,,,
2024-04-10 15:00:00,Hillsborough,61.333333333333336,,,
2024-04-10 16:00:00,Hillsborough,59.0,8.345833333333333,,
2024-04-10 17:00:00,Hillsborough,57.0,,,
2024-04-10 18:00:00,Hillsborough,56.333333333333336,,,
2024-04-10 19:00:00,Hillsborough,55.0,,,
2024-04-10 20:00:00,Hillsborough,53.66666666666666,,,
2024-04-10 21:00:00,Hillsborough,53.333333333333336,,,
2024-04-10 22:00:00,Hillsborough,53.0,,,
2024-04-10 23:00:00,Hillsborough,53.333333333333336,,,
2024-04-11 00:00:00,Hillsborough,52.66666666666666,5.916666666666667,58.0,
2024-04-11 01:00:00,Hillsborough,51.333333333333336,,,
2024-04-11 02:00:00,Hillsborough,51.0,,,
2024-04-11 03:00:00,Hillsborough,51.0,,,
2024-04-11 04:00:00,Hillsborough,50.333333333333336,,,
2024-04-11 05:00:00,Hillsborough,50.333333333333336,,,
2024-04-11 06:00:00,Hillsborough,50.66666666666666,,,
2024-04-11 07:00:00,Hillsborough,52.0,,,
2024-04-11 08:00:00,Hillsborough,54.0,9.1375,,
2024-04-11 09:00:00,Hillsborough,54.66666666666666,,,
2024-04-11 10:00:00,Hillsborough,55.0,,,
2024-04-11 11:00:00,Hillsborough,55.0,,,
2024-04-11 12:00:00,Hillsborough,54.0,,,
2024-04-11 13:00:00,Hillsborough,53.0,,,
2024-04-11 14:00:00,Hillsborough,54.0,,,
2024-04-11 15:00:00,Hillsborough,55.66666666666666,,,
2024-04-11 16:00:00,Hillsborough,55.66666666666666,6.279166666666667,,
2024-04-11 17:00:00,Hillsborough,55.0,,,
2024-04-11 18:00:00,Hillsborough,54.333333333333336,,,
2024-04-11 19:00:00,Hillsborough,54.0,,,
2024-04-11 20:00:00,Hillsborough,53.66666666666666,,,
2024-04-11 21:00:00,Hillsborough,53.0,,,
2024-04-11 22:00:00,Hillsborough,53.0,,,
2024-04-11 23:00:00,Hillsborough,53.333333333333336,,,
2024-04-12 00:00:00,Hillsborough,53.66666666666666,3.629166666666667,49.0,
2024-04-12 01:00:00,Hillsborough,54.66666666666666,,,
2024-04-12 02:00:00,Hillsborough,55.0,,,
2024-04-12 03:00:00,Hillsborough,55.333333333333336,,,
2024-04-12 04:00:00,Hillsborough,56.66666666666666,,,
2024-04-12 05:00:00,Hillsborough,57.0,,,
2024-04-12 06:00:00,Hillsborough,57.0,,,
2024-04-12 07:00:00,Hillsborough,58.0,,,
2024-04-12 08:00:00,Hillsborough,59.66666666666666,3.975,,
2024-04-12 09:00:00,Hillsborough,61.333333333333336,,,
2024-04-12 10:00:00,Hillsborough,62.66666666666666,,,
2024-04-12 11:00:00,Hillsborough,63.333333333333336,,,
2024-04-12 12:00:00,Hillsborough,63.66666666666666,,,
2024-04-12 13:00:00,Hillsborough,63.66666666666666,,,
2024-04-12 14:00:00,Hillsborough,63.333333333333336,,,
2024-04-12 15:00:00,Hillsborough,62.333333333333336,,,
2024-04-12 16:00:00,Hillsborough,61.0,4.291666666666667,,
2024-04-12 17:00:00,Hillsborough,59.66666666666666,,,
2024-04-12 18:00:00,Hillsborough,57.66666666666666,,,
2024-04-12 19:00:00,Hillsborough,55.66666666666666,,,
2024-04-12 20:00:00,Hillsborough,54.333333333333336,,,
2024-04-12 21:00:00,Hillsborough,53.333333333333336,,,
2024-04-12 22:00:00,Hillsborough,52.0,,,
2024-04-12 23:00:00,Hillsborough,50.66666666666666,,,
2024-04-13 00:00:00,Hillsborough,49.333333333333336,5.05,80.0,
2024-04-13 01:00:00,Hillsborough,48.333333333333336,,,
2024-04-13 02:00:00,Hillsborough,47.0,,,
2024-04-13 03:00:00,Hillsborough,47.0,,,
2024-04-13 04:00:00,Hillsborough,46.0,,,
2024-04-13 05:00:00,Hillsborough,45.66666666666666,,,
2024-04-13 06:00:00,Hillsborough,46.0,,,
2024-04-13 07:00:00,Hillsborough,50.0,,,
2024-04-13 08:00:00,Hillsborough,53.333333333333336,2.6875,,
2024-04-13 09:00:00,Hillsborough,54.333333333333336,,,
2024-04-13 10:00:00,Hillsborough,55.333333333333336,,,
2024-04-13 11:00:00,Hillsborough,56.66666666666666,,,
2024-04-13 12:00:00,Hillsborough,58.0,,,
2024-04-13 13:00:00,Hillsborough,58.0,,,
2024-04-13 14:00:00,Hillsborough,58.0,,,
2024-04-13 15:00:00,Hillsborough,57.66666666666666,,,
2024-04-13 16:00:00,Hillsborough,56.66666666666666,3.7083333333333335,,
2024-04-13 17:00:00,Hillsborough,55.333333333333336,,,
2024-04-13 18:00:00,Hillsborough,52.333333333333336,,,
2024-04-13 19:00:00,Hillsborough,49.0,,,
2024-04-13 20:00:00,Hillsborough,47.333333333333336,,,
2024-04-13 21:00:00,Hillsborough,47.66666666666666,,,
2024-04-13 22:00:00,Hillsborough,46.333333333333336,,,
2024-04-13 23:00:00,Hillsborough,45.66666666666666,,,
2024-04-14 00:00:00,Hillsborough,44.333333333333336,7.0625,87.0,
2024-04-14 01:00:00,Hillsborough,43.333333333333336,,,
2024-04-14 02:00:00,Hillsborough,42.333333333333336,,,
2024-04-14 03:00:00,Hillsborough,41.66666666666666,,,
2024-04-14 04:00:00,Hillsborough,40.333333333333336,,,
2024-04-14 05:00:00,Hillsborough,40.0,,,
2024-04-14 06:00:00,Hillsborough,42.333333333333336,,,
2024-04-14 07:00:00,Hillsborough,47.66666666666666,,,
2024-04-14 08:00:00,Hillsborough,53.66666666666666,5.195833333333334,,
2024-04-14 09:00:00,Hillsborough,56.66666666666666,,,
2024-04-14 10:00:00,Hillsborough,60.0,,,
2024-04-14 11:00:00,Hillsborough,62.66666666666666,,,
2024-04-14 12:00:00,Hillsborough,60.66666666666666,,,
2024-04-14 13:00:00,Hillsborough,61.0,,,
2024-04-14 14:00:00,Hillsborough,62.0,,,
2024-04-14 15:00:00,Hillsborough,61.0,,,
2024-04-14 16:00:00,Hillsborough,59.66666666666666,5.4125,,
2024-04-14 17:00:00,Hillsborough,58.66666666666666,,,
2024-04-14 18:00:00,Hillsborough,56.66666666666666,,,
2024-04-14 19:00:00,Hillsborough,53.333333333333336,,,
2024-04-14 20:00:00,Hillsborough,52.333333333333336,,,
2024-04-14 21:00:00,Hillsborough,51.333333333333336,,,
2024-04-14 22:00:00,Hillsborough,50.0,,,
2024-04-14 23:00:00,Hillsborough,49.66666666666666,,,
2024-04-15 00:00:00,Hillsborough,48.66666666666666,7.791666666666667,108.0,0.0358366071428571
2024-04-15 01:00:00,Hillsborough,48.333333333333336,,,
2024-04-15 02:00:00,Hillsborough,47.0,,,
2024-04-15 03:00:00,Hillsborough,45.66666666666666,,,
2024-04-15 04:00:00,Hillsborough,45.0,,,
2024-04-15 05:00:00,Hillsborough,45.0,,,
2024-04-15 06:00:00,Hillsborough,46.333333333333336,,,
2024-04-15 07:00:00,Hillsborough,51.333333333333336,,,
2024-04-15 08:00:00,Hillsborough,58.0,5.758333333333333,,
2024-04-15 09:00:00,Hillsborough,62.66666666666666,,,
2024-04-15 10:00:00,Hillsborough,66.33333333333333,,,
2024-04-15 11:00:00,Hillsborough,67.66666666666667,,,
2024-04-15 12:00:00,Hillsborough,70.0,,,
2024-04-15 13:00:00,Hillsborough,70.33333333333333,,,
2024-04-15 14:00:00,Hillsborough,70.33333333333333,,,
2024-04-15 15:00:00,Hillsborough,70.0,,,
2024-04-15 16:00:00,Hillsborough,69.66666666666667,5.445833333333334,,
2024-04-15 17:00:00,Hillsborough,66.33333333333333,,,
2024-04-15 18:00:00,Hillsborough,61.333333333333336,,,
2024-04-15 19:00:00,Hillsborough,57.0,,,
2024-04-15 20:00:00,Hillsborough,55.333333333333336,,,
2024-04-15 21:00:00,Hillsborough,52.333333333333336,,,
2024-04-15 22:00:00,Hillsborough,50.333333333333336,,,
2024-04-15 23:00:00,Hillsborough,48.66666666666666,,,
2024-04-16 00:00:00,Hillsborough,47.333333333333336,5.316666666666667,48.0,
2024-04-16 01:00:00,Hillsborough,45.66666666666666,,,
2024-04-16 02:00:00,Hillsborough,45.0,,,
2024-04-16 03:00:00,Hillsborough,44.0,,,
2024-04-16 04:00:00,Hillsborough,43.66666666666666,,,
2024-04-16 05:00:00,Hillsborough,43.333333333333336,,,
2024-04-16 06:00:00,Hillsborough,45.333333333333336,,,
2024-04-16 07:00:00,Hillsborough,52.66666666666666,,,
2024-04-16 08:00:00,Hillsborough,59.0,3.925,,
2024-04-16 09:00:00,Hillsborough,62.0,,,
2024-04-16 10:00:00,Hillsborough,65.0,,,
2024-04-16 11:00:00,Hillsborough,66.66666666666667,,,
2024-04-16 12:00:00,Hillsborough,68.66666666666667,,,
2024-04-16 13:00:00,Hillsborough,69.66666666666667,,,
2024-04-16 14:00:00,Hillsborough,70.33333333333333,,,
2024-04-16 15:00:00,Hillsborough,70.0,,,
2024-04-16 16:00:00,Hillsborough,70.33333333333333,4.229166666666667,,
2024-04-16 17:00:00,Hillsborough,68.33333333333333,,,
2024-04-16 18:00:00,Hillsborough,63.66666666666666,,,
2024-04-16 19:00:00,Hillsborough,58.66666666666666,,,
2024-04-16 20:00:00,Hillsborough,56.0,,,
2024-04-16 21:00:00,Hillsborough,55.66666666666666,,,
2024-04-16 22:00:00,Hillsborough,54.333333333333336,,,
2024-04-16 23:00:00,Hillsborough,51.66666666666666,,,
2024-04-17 00:00:00,Hillsborough,49.333333333333336,4.083333333333333,51.0,
2024-04-17 01:00:00,Hillsborough,47.333333333333336,,,
2024-04-17 02:00:00,Hillsborough,45.66666666666666,,,
2024-04-17 03:00:00,Hillsborough,44.333333333333336,,,
2024-04-17 04:00:00,Hillsborough,43.66666666666666,,,
2024-04-17 05:00:00,Hillsborough,43.333333333333336,,,
2024-04-17 06:00:00,Hillsborough,46.66666666666666,,,
2024-04-17 07:00:00,Hillsborough,52.0,,,
2024-04-17 08:00:00,Hillsborough,56.66666666666666,4.889583333333333,,
2024-04-17 09:00:00,Hillsborough,60.0,,,
2024-04-17 10:00:00,Hillsborough,62.66666666666666,,,
2024-04-17 11:00:00,Hillsborough,64.66666666666667,,,
2024-04-17 12:00:00,Hillsborough,68.33333333333333,,,
2024-04-17 13:00:00,Hillsborough,71.0,,,
2024-04-17 14:00:00,Hillsborough,71.66666666666667,,,
2024-04-17 15:00:00,Hillsborough,71.0,,,
2024-04-17 16:00:00,Hillsborough,69.0,6.7625,,
2024-04-17 17:00:00,Hillsborough,63.0,,,
2024-04-17 18:00:00,Hillsborough,59.0,,,
2024-04-17 19:00:00,Hillsborough,55.0,,,
2024-04-17 20:00:00,Hillsborough,53.0,,,
2024-04-17 21:00:00,Hillsborough,51.333333333333336,,,
2024-04-17 22:00:00,Hillsborough,49.333333333333336,,,
2024-04-17 23:00:00,Hillsborough,48.66666666666666,,,
2024-04-18 00:00:00,Hillsborough,48.66666666666666,6.4375,74.0,
2024-04-18 01:00:00,Hillsborough,48.333333333333336,,,
2024-04-18 02:00:00,Hillsborough,48.333333333333336,,,
2024-04-18 03:00:00,Hillsborough,48.333333333333336,,,
2024-04-18 04:00:00,Hillsborough,48.0,,,
2024-04-18 05:00:00,Hillsborough,47.66666666666666,,,
2024-04-18 06:00:00,Hillsborough,47.66666666666666,,,
2024-04-18 07:00:00,Hillsborough,49.0,,,
2024-04-18 08:00:00,Hillsborough,50.333333333333336,6.616666666666666,,
2024-04-18 09:00:00,Hillsborough,52.333333333333336,,,
2024-04-18 10:00:00,Hillsborough,54.0,,,
2024-04-18 11:00:00,Hillsborough,55.0,,,
2024-04-18 12:00:00,Hillsborough,55.0,,,
2024-04-18 13:00:00,Hillsborough,56.0,,,
2024-04-18 14:00:00,Hillsborough,56.0,,,
2024-04-18 15:00:00,Hillsborough,56.66666666666666,,,
2024-04-18 16:00:00,Hillsborough,57.0,7.5125,,
2024-04-18 17:00:00,Hillsborough,56.0,,,
2024-04-18 18:00:00,Hillsborough,52.66666666666666,,,
2024-04-18 19:00:00,Hillsborough,51.0,,,
2024-04-18 20:00:00,Hillsborough,49.66666666666666,,,
2024-04-18 21:00:00,Hillsborough,50.333333333333336,,,
2024-04-18 22:00:00,Hillsborough,50.0,,,
2024-04-18 23:00:00,Hillsborough,49.333333333333336,,,
2024-04-19 00:00:00,Hillsborough,48.66666666666666,6.966666666666667,54.0,
2024-04-19 01:00:00,Hillsborough,48.0,,,
2024-04-19 02:00:00,Hillsborough,48.333333333333336,,,
2024-04-19 03:00:00,Hillsborough,47.66666666666666,,,
2024-04-19 04:00:00,Hillsborough,47.333333333333336,,,
2024-04-19 05:00:00,Hillsborough,46.333333333333336,,,
2024-04-19 06:00:00,Hillsborough,47.66666666666666,,,
2024-04-19 07:00:00,Hillsborough,50.66666666666666,,,
2024-04-19 08:00:00,Hillsborough,55.66666666666666,7.670833333333333,,
2024-04-19 09:00:00,Hillsborough,59.66666666666666,,,
2024-04-19 10:00:00,Hillsborough,62.0,,,
2024-04-19 11:00:00,Hillsborough,63.66666666666666,,,
2024-04-19 12:00:00,Hillsborough,65.0,,,
2024-04-19 13:00:00,Hillsborough,66.33333333333333,,,
2024-04-19 14:00:00,Hillsborough,66.66666666666667,,,
2024-04-19 15:00:00,Hillsborough,66.0,,,
2024-04-19 16:00:00,Hillsborough,65.0,6.733333333333333,,
2024-04-19 17:00:00,Hillsborough,62.333333333333336,,,
2024-04-19 18:00:00,Hillsborough,59.66666666666666,,,
2024-04-19 19:00:00,Hillsborough,57.66666666666666,,,
2024-04-19 20:00:00,Hillsborough,55.66666666666666,,,
2024-04-19 21:00:00,Hillsborough,54.66666666666666,,,
2024-04-19 22:00:00,Hillsborough,53.0,,,
2024-04-19 23:00:00,Hillsborough,52.333333333333336,,,
2024-04-20 00:00:00,Hillsborough,51.66666666666666,7.362500000000001,56.0,
2024-04-20 01:00:00,Hillsborough,51.0,,,
2024-04-20 02:00:00,Hillsborough,50.66666666666666,,,
2024-04-20 03:00:00,Hillsborough,50.0,,,
2024-04-20 04:00:00,Hillsborough,50.333333333333336,,,
2024-04-20 05:00:00,Hillsborough,49.66666666666666,,,
2024-04-20 06:00:00,Hillsborough,50.0,,,
2024-04-20 07:00:00,Hillsborough,51.66666666666666,,,
2024-04-20 08:00:00,Hillsborough,54.333333333333336,9.241666666666667,,
2024-04-20 09:00:00,Hillsborough,56.66666666666666,,,
2024-04-20 10:00:00,Hillsborough,60.0,,,
2024-04-20 11:00:00,Hillsborough,62.333333333333336,,,
2024-04-20 12:00:00,Hillsborough,63.0,,,
2024-04-20 13:00:00,Hillsborough,63.66666666666666,,,
2024-04-20 14:00:00,Hillsborough,64.66666666666667,,,
2024-04-20 15:00:00,Hillsborough,66.33333333333333,,,
2024-04-20 16:00:00,Hillsborough,66.33333333333333,6.570833333333333,,
2024-04-20 17:00:00,Hillsborough,63.333333333333336,,,
2024-04-20 18:00:00,Hillsborough,59.0,,,
2024-04-20 19:00:00,Hillsborough,55.0,,,
2024-04-20 20:00:00,Hillsborough,52.333333333333336,,,
2024-04-20 21:00:00,Hillsborough,51.0,,,
2024-04-20 22:00:00,Hillsborough,49.333333333333336,,,
2024-04-20 23:00:00,Hillsborough,47.66666666666666,,,
2024-04-21 00:00:00,Hillsborough,45.66666666666666,5.95,47.0,
2024-04-21 01:00:00,Hillsborough,43.66666666666666,,,
2024-04-21 02:00:00,Hillsborough,43.333333333333336,,,
2024-04-21 03:00:00,Hillsborough,42.0,,,
2024-04-21 04:00:00,Hillsborough,41.66666666666666,,,
2024-04-21 05:00:00,Hillsborough,42.333333333333336,,,
2024-04-21 06:00:00,Hillsborough,46.333333333333336,,,
2024-04-21 07:00:00,Hillsborough,50.66666666666666,,,
2024-04-21 08:00:00,Hillsborough,53.66666666666666,4.604166666666667,,
2024-04-21 09:00:00,Hillsborough,56.0,,,
2024-04-21 10:00:00,Hillsborough,58.0,,,
2024-04-21 11:00:00,Hillsborough,58.66666666666666,,,
2024-04-21 12:00:00,Hillsborough,58.66666666666666,,,
2024-04-21 13:00:00,Hillsborough,57.66666666666666,,,
2024-04-21 14:00:00,Hillsborough,57.66666666666666,,,
2024-04-21 15:00:00,Hillsborough,56.66666666666666,,,
2024-04-21 16:00:00,Hillsborough,55.66666666666666,4.758333333333334,,
2024-04-21 17:00:00,Hillsborough,54.333333333333336,,,
2024-04-21 18:00:00,Hillsborough,53.0,,,
2024-04-21 19:00:00,Hillsborough,51.333333333333336,,,
2024-04-21 20:00:00,Hillsborough,49.333333333333336,,,
2024-04-21 21:00:00,Hillsborough,47.66666666666666,,,
2024-04-21 22:00:00,Hillsborough,47.0,,,
2024-04-21 23:00:00,Hillsborough,46.66666666666666,,,
2024-04-22 00:00:00,Hillsborough,47.0,4.625,44.0,0.042763888888888844
2024-04-22 01:00:00,Hillsborough,45.66666666666666,,,
2024-04-22 02:00:00,Hillsborough,44.333333333333336,,,
2024-04-22 03:00:00,Hillsborough,43.66666666666666,,,
2024-04-22 04:00:00,Hillsborough,42.66666666666666,,,
2024-04-22 05:00:00,Hillsborough,42.333333333333336,,,
2024-04-22 06:00:00,Hillsborough,45.0,,,
2024-04-22 07:00:00,Hillsborough,46.333333333333336,,,
2024-04-22 08:00:00,Hillsborough,48.333333333333336,3.1916666666666664,,
2024-04-22 09:00:00,Hillsborough,50.333333333333336,,,
2024-04-22 10:00:00,Hillsborough,53.0,,,
2024-04-22 11:00:00,Hillsborough,55.66666666666666,,,
2024-04-22 12:00:00,Hillsborough,57.66666666666666,,,
2024-04-22 13:00:00,Hillsborough,58.66666666666666,,,
2024-04-22 14:00:00,Hillsborough,59.66666666666666,,,
2024-04-22 15:00:00,Hillsborough,60.333333333333336,,,
2024-04-22 16:00:00,Hillsborough,60.0,4.275,,
2024-04-22 17:00:00,Hillsborough,59.0,,,
2024-04-22 18:00:00,Hillsborough,54.66666666666666,,,
2024-04-22 19:00:00,Hillsborough,50.333333333333336,,,
2024-04-22 20:00:00,Hillsborough,48.0,,,
2024-04-22 21:00:00,Hillsborough,46.66666666666666,,,
2024-04-22 22:00:00,Hillsborough,45.333333333333336,,,
2024-04-22 23:00:00,Hillsborough,43.66666666666666,,,
2024-04-23 00:00:00,Hillsborough,42.333333333333336,6.304166666666666,67.0,
2024-04-23 01:00:00,Hillsborough,41.0,,,
2024-04-23 02:00:00,Hillsborough,41.0,,,
2024-04-23 03:00:00,Hillsborough,41.0,,,
2024-04-23 04:00:00,Hillsborough,39.66666666666666,,,
2024-04-23 05:00:00,Hillsborough,40.0,,,
2024-04-23 06:00:00,Hillsborough,44.66666666666666,,,
2024-04-23 07:00:00,Hillsborough,50.333333333333336,,,
2024-04-23 08:00:00,Hillsborough,55.66666666666666,4.891666666666667,,
2024-04-23 09:00:00,Hillsborough,60.66666666666666,,,
2024-04-23 10:00:00,Hillsborough,63.333333333333336,,,
2024-04-23 11:00:00,Hillsborough,66.0,,,
2024-04-23 12:00:00,Hillsborough,67.33333333333333,,,
2024-04-23 13:00:00,Hillsborough,68.0,,,
2024-04-23 14:00:00,Hillsborough,68.66666666666667,,,
2024-04-23 15:00:00,Hillsborough,68.33333333333333,,,
2024-04-23 16:00:00,Hillsborough,65.66666666666667,7.475,,
2024-04-23 17:00:00,Hillsborough,62.66666666666666,,,
2024-04-23 18:00:00,Hillsborough,59.0,,,
2024-04-23 19:00:00,Hillsborough,55.0,,,
2024-04-23 20:00:00,Hillsborough,53.0,,,
2024-04-23 21:00:00,Hillsborough,51.0,,,
2024-04-23 22:00:00,Hillsborough,49.0,,,
2024-04-23 23:00:00,Hillsborough,47.0,,,
2024-04-24 00:00:00,Hillsborough,47.0,6.391666666666667,74.0,
2024-04-24 01:00:00,Hillsborough,46.0,,,
2024-04-24 02:00:00,Hillsborough,45.66666666666666,,,
2024-04-24 03:00:00,Hillsborough,47.0,,,
2024-04-24 04:00:00,Hillsborough,46.66666666666666,,,
2024-04-24 05:00:00,Hillsborough,46.333333333333336,,,
2024-04-24 06:00:00,Hillsborough,46.66666666666666,,,
2024-04-24 07:00:00,Hillsborough,50.0,,,
2024-04-24 08:00:00,Hillsborough,52.66666666666666,6.541666666666667,,
2024-04-24 09:00:00,Hillsborough,55.0,,,
2024-04-24 10:00:00,Hillsborough,56.66666666666666,,,
2024-04-24 11:00:00,Hillsborough,62.0,,,
2024-04-24 12:00:00,Hillsborough,66.0,,,
2024-04-24 13:00:00,Hillsborough,65.33333333333333,,,
2024-04-24 14:00:00,Hillsborough,62.66666666666666,,,
2024-04-24 15:00:00,Hillsborough,62.66666666666666,,,
2024-04-24 16:00:00,Hillsborough,61.66666666666666,5.5125,,
2024-04-24 17:00:00,Hillsborough,58.66666666666666,,,
2024-04-24 18:00:00,Hillsborough,53.66666666666666,,,
2024-04-24 19:00:00,Hillsborough,49.66666666666666,,,
2024-04-24 20:00:00,Hillsborough,46.333333333333336,,,
2024-04-24 21:00:00,Hillsborough,44.0,,,
2024-04-24 22:00:00,Hillsborough,42.333333333333336,,,
2024-04-24 23:00:00,Hillsborough,41.333333333333336,,,
2024-04-25 00:00:00,Hillsborough,41.0,8.058333333333334,97.0,
2024-04-25 01:00:00,Hillsborough,38.66666666666666,,,
2024-04-25 02:00:00,Hillsborough,37.333333333333336,,,
2024-04-25 03:00:00,Hillsborough,37.333333333333336,,,
2024-04-25 04:00:00,Hillsborough,37.333333333333336,,,
2024-04-25 05:00:00,Hillsborough,37.333333333333336,,,
2024-04-25 06:00:00,Hillsborough,39.66666666666666,,,
2024-04-25 07:00:00,Hillsborough,43.66666666666666,,,
2024-04-25 08:00:00,Hillsborough,49.333333333333336,5.654166666666667,,
2024-04-25 09:00:00,Hillsborough,53.333333333333336,,,
2024-04-25 10:00:00,Hillsborough,56.0,,,
2024-04-25 11:00:00,Hillsborough,58.333333333333336,,,
2024-04-25 12:00:00,Hillsborough,61.0,,,
2024-04-25 13:00:00,Hillsborough,63.0,,,
2024-04-25 14:00:00,Hillsborough,64.33333333333333,,,
2024-04-25 15:00:00,Hillsborough,64.66666666666667,,,
2024-04-25 16:00:00,Hillsborough,64.0,5.575,,
2024-04-25 17:00:00,Hillsborough,62.66666666666666,,,
2024-04-25 18:00:00,Hillsborough,57.0,,,
2024-04-25 19:00:00,Hillsborough,52.66666666666666,,,
2024-04-25 20:00:00,Hillsborough,50.66666666666666,,,
2024-04-25 21:00:00,Hillsborough,48.66666666666666,,,
2024-04-25 22:00:00,Hillsborough,45.66666666666666,,,
2024-04-25 23:00:00,Hillsborough,44.66666666666666,,,
2024-04-26 00:00:00,Hillsborough,43.0,7.13125,61.0,
2024-04-26 01:00:00,Hillsborough,41.333333333333336,,,
2024-04-26 02:00:00,Hillsborough,40.66666666666666,,,
2024-04-26 03:00:00,Hillsborough,39.66666666666666,,,
2024-04-26 04:00:00,Hillsborough,38.66666666666666,,,
2024-04-26 05:00:00,Hillsborough,39.66666666666666,,,
2024-04-26 06:00:00,Hillsborough,45.0,,,
2024-04-26 07:00:00,Hillsborough,51.0,,,
2024-04-26 08:00:00,Hillsborough,56.0,4.4875,,
2024-04-26 09:00:00,Hillsborough,59.0,,,
2024-04-26 10:00:00,Hillsborough,61.66666666666666,,,
2024-04-26 11:00:00,Hillsborough,63.0,,,
2024-04-26 12:00:00,Hillsborough,65.0,,,
2024-04-26 13:00:00,Hillsborough,66.66666666666667,,,
2024-04-26 14:00:00,Hillsborough,67.0,,,
2024-04-26 15:00:00,Hillsborough,67.66666666666667,,,
2024-04-26 16:00:00,Hillsborough,67.33333333333333,4.63125,,
2024-04-26 17:00:00,Hillsborough,65.33333333333333,,,
2024-04-26 18:00:00,Hillsborough,60.333333333333336,,,
2024-04-26 19:00:00,Hillsborough,56.333333333333336,,,
2024-04-26 20:00:00,Hillsborough,52.66666666666666,,,
2024-04-26 21:00:00,Hillsborough,50.333333333333336,,,
2024-04-26 22:00:00,Hillsborough,49.333333333333336,,,
2024-04-26 23:00:00,Hillsborough,47.333333333333336,,,
2024-04-27 00:00:00,Hillsborough,45.66666666666666,6.6937500000000005,55.0,
2024-04-27 01:00:00,Hillsborough,45.0,,,
2024-04-27 02:00:00,Hillsborough,43.66666666666666,,,
2024-04-27 03:00:00,Hillsborough,42.66666666666666,,,
2024-04-27 04:00:00,Hillsborough,42.66666666666666,,,
2024-04-27 05:00:00,Hillsborough,43.0,,,
2024-04-27 06:00:00,Hillsborough,48.66666666666666,,,
2024-04-27 07:00:00,Hillsborough,55.333333333333336,,,
2024-04-27 08:00:00,Hillsborough,60.333333333333336,5.875,,
2024-04-27 09:00:00,Hillsborough,63.0,,,
2024-04-27 10:00:00,Hillsborough,66.0,,,
2024-04-27 11:00:00,Hillsborough,68.0,,,
2024-04-27 12:00:00,Hillsborough,70.66666666666667,,,
2024-04-27 13:00:00,Hillsborough,70.33333333333333,,,
2024-04-27 14:00:00,Hillsborough,69.0,,,
2024-04-27 15:00:00,Hillsborough,68.66666666666667,,,
2024-04-27 16:00:00,Hillsborough,67.66666666666667,5.8375,,
2024-04-27 17:00:00,Hillsborough,65.33333333333333,,,
2024-04-27 18:00:00,Hillsborough,61.66666666666666,,,
2024-04-27 19:00:00,Hillsborough,59.333333333333336,,,
2024-04-27 20:00:00,Hillsborough,58.0,,,
2024-04-27 21:00:00,Hillsborough,56.333333333333336,,,
2024-04-27 22:00:00,Hillsborough,54.333333333333336,,,
2024-04-27 23:00:00,Hillsborough,51.0,,,
2024-04-28 00:00:00,Hillsborough,49.66666666666666,5.1625000000000005,53.0,
2024-04-28 01:00:00,Hillsborough,49.0,,,
2024-04-28 02:00:00,Hillsborough,48.66666666666666,,,
2024-04-28 03:00:00,Hillsborough,48.333333333333336,,,
2024-04-28 04:00:00,Hillsborough,48.0,,,
2024-04-28 05:00:00,Hillsborough,47.66666666666666,,,
2024-04-28 06:00:00,Hillsborough,49.0,,,
2024-04-28 07:00:00,Hillsborough,52.333333333333336,,,
2024-04-28 08:00:00,Hillsborough,55.333333333333336,6.4625,,
2024-04-28 09:00:00,Hillsborough,58.333333333333336,,,
2024-04-28 10:00:00,Hillsborough,63.0,,,
2024-04-28 11:00:00,Hillsborough,67.66666666666667,,,
2024-04-28 12:00:00,Hillsborough,70.33333333333333,,,
2024-04-28 13:00:00,Hillsborough,78.0,,,
2024-04-28 14:00:00,Hillsborough,78.0,,,
2024-04-28 15:00:00,Hillsborough,74.66666666666667,,,
2024-04-28 16:00:00,Hillsborough,72.66666666666667,6.79375,,
2024-04-28 17:00:00,Hillsborough,70.33333333333333,,,
2024-04-28 18:00:00,Hillsborough,67.66666666666667,,,
2024-04-28 19:00:00,Hillsborough,65.0,,,
2024-04-28 20:00:00,Hillsborough,63.66666666666666,,,
2024-04-28 21:00:00,Hillsborough,62.333333333333336,,,
2024-04-28 22:00:00,Hillsborough,61.333333333333336,,,
2024-04-28 23:00:00,Hillsborough,61.0,,,
2024-04-29 00:00:00,Hillsborough,60.333333333333336,5.86875,54.0,0.034129563492063454
2024-04-29 01:00:00,Hillsborough,60.66666666666666,,,
2024-04-29 02:00:00,Hillsborough,59.66666666666666,,,
2024-04-29 03:00:00,Hillsborough,57.333333333333336,,,
2024-04-29 04:00:00,Hillsborough,57.0,,,
2024-04-29 05:00:00,Hillsborough,56.66666666666666,,,
2024-04-29 06:00:00,Hillsborough,60.0,,,
2024-04-29 07:00:00,Hillsborough,63.333333333333336,,,
2024-04-29 08:00:00,Hillsborough,67.33333333333333,5.4,,
2024-04-29 09:00:00,Hillsborough,69.66666666666667,,,
2024-04-29 10:00:00,Hillsborough,70.66666666666667,,,
2024-04-29 11:00:00,Hillsborough,71.0,,,
2024-04-29 12:00:00,Hillsborough,70.66666666666667,,,
2024-04-29 13:00:00,Hillsborough,71.0,,,
2024-04-29 14:00:00,Hillsborough,72.33333333333333,,,
2024-04-29 15:00:00,Hillsborough,73.0,,,
2024-04-29 16:00:00,Hillsborough,74.0,6.26875,,
2024-04-29 17:00:00,Hillsborough,72.0,,,
2024-04-29 18:00:00,Hillsborough,68.0,,,
2024-04-29 19:00:00,Hillsborough,63.66666666666666,,,
2024-04-29 20:00:00,Hillsborough,61.333333333333336,,,
2024-04-29 21:00:00,Hillsborough,60.66666666666666,,,
2024-04-29 22:00:00,Hillsborough,59.333333333333336,,,
2024-04-29 23:00:00,Hillsborough,58.333333333333336,,,
2024-04-30 00:00:00,Hillsborough,57.66666666666666,5.91875,49.0,
2024-04-30 01:00:00,Hillsborough,57.0,,,
2024-04-30 02:00:00,Hillsborough,57.0,,,
2024-04-30 03:00:00,Hillsborough,56.0,,,
2024-04-30 04:00:00,Hillsborough,54.0,,,
2024-04-30 05:00:00,Hillsborough,52.333333333333336,,,
2024-04-30 06:00:00,Hillsborough,52.333333333333336,,,
2024-04-30 07:00:00,Hillsborough,54.0,,,
2024-04-30 08:00:00,Hillsborough,56.0,5.5,,
2024-04-30 09:00:00,Hillsborough,57.66666666666666,,,
2024-04-30 10:00:00,Hillsborough,58.333333333333336,,,
2024-04-30 11:00:00,Hillsborough,60.333333333333336,,,
2024-04-30 12:00:00,Hillsborough,62.66666666666666,,,
2024-04-30 13:00:00,Hillsborough,63.0,,,
2024-04-30 14:00:00,Hillsborough,62.333333333333336,,,
2024-04-30 15:00:00,Hillsborough,62.333333333333336,,,
2024-04-30 16:00:00,Hillsborough,60.66666666666666,4.8,,
2024-04-30 17:00:00,Hillsborough,59.333333333333336,,,
2024-04-30 18:00:00,Hillsborough,58.0,,,
2024-04-30 19:00:00,Hillsborough,56.0,,,
2024-04-30 20:00:00,Hillsborough,53.66666666666666,,,
2024-04-30 21:00:00,Hillsborough,52.333333333333336,,,
2024-04-30 22:00:00,Hillsborough,51.333333333333336,,,
2024-04-30 23:00:00,Hillsborough,51.333333333333336,,,
2024-05-01 00:00:00,Hillsborough,51.333333333333336,5.1375,71.0,
2024-05-01 01:00:00,Hillsborough,50.66666666666666,,,
2024-05-01 02:00:00,Hillsborough,50.66666666666666,,,
2024-05-01 03:00:00,Hillsborough,50.333333333333336,,,
2024-05-01 04:00:00,Hillsborough,50.333333333333336,,,
2024-05-01 05:00:00,Hillsborough,50.0,,,
2024-05-01 06:00:00,Hillsborough,50.333333333333336,,,
2024-05-01 07:00:00,Hillsborough,53.0,,,
2024-05-01 08:00:00,Hillsborough,55.66666666666666,6.1125,,
2024-05-01 09:00:00,Hillsborough,58.333333333333336,,,
2024-05-01 10:00:00,Hillsborough,59.333333333333336,,,
2024-05-01 11:00:00,Hillsborough,61.0,,,
2024-05-01 12:00:00,Hillsborough,61.66666666666666,,,
2024-05-01 13:00:00,Hillsborough,62.66666666666666,,,
2024-05-01 14:00:00,Hillsborough,63.333333333333336,,,
2024-05-01 15:00:00,Hillsborough,63.0,,,
2024-05-01 16:00:00,Hillsborough,63.66666666666666,5.43125,,
2024-05-01 17:00:00,Hillsborough,62.333333333333336,,,
2024-05-01 18:00:00,Hillsborough,60.0,,,
2024-05-01 19:00:00,Hillsborough,57.66666666666666,,,
2024-05-01 20:00:00,Hillsborough,56.333333333333336,,,
2024-05-01 21:00:00,Hillsborough,56.0,,,
2024-05-01 22:00:00,Hillsborough,56.0,,,
2024-05-01 23:00:00,Hillsborough,55.66666666666666,,,
2024-05-02 00:00:00,Hillsborough,54.66666666666666,5.10625,50.0,
2024-05-02 01:00:00,Hillsborough,54.0,,,
2024-05-02 02:00:00,Hillsborough,53.66666666666666,,,
2024-05-02 03:00:00,Hillsborough,53.333333333333336,,,
2024-05-02 04:00:00,Hillsborough,53.333333333333336,,,
2024-05-02 05:00:00,Hillsborough,53.66666666666666,,,
2024-05-02 06:00:00,Hillsborough,54.0,,,
2024-05-02 07:00:00,Hillsborough,56.0,,,
2024-05-02 08:00:00,Hillsborough,58.0,5.8875,,
2024-05-02 09:00:00,Hillsborough,61.66666666666666,,,
2024-05-02 10:00:00,Hillsborough,68.33333333333333,,,
2024-05-02 11:00:00,Hillsborough,73.0,,,
2024-05-02 12:00:00,Hillsborough,76.0,,,
2024-05-02 13:00:00,Hillsborough,76.33333333333333,,,
2024-05-02 14:00:00,Hillsborough,75.33333333333333,,,
2024-05-02 15:00:00,Hillsborough,74.66666666666667,,,
2024-05-02 16:00:00,Hillsborough,73.0,5.83125,,
2024-05-02 17:00:00,Hillsborough,67.0,,,
2024-05-02 18:00:00,Hillsborough,62.66666666666666,,,
2024-05-02 19:00:00,Hillsborough,60.66666666666666,,,
2024-05-02 20:00:00,Hillsborough,59.333333333333336,,,
2024-05-02 21:00:00,Hillsborough,57.333333333333336,,,
2024-05-02 22:00:00,Hillsborough,56.333333333333336,,,
2024-05-02 23:00:00,Hillsborough,54.66666666666666,,,
2024-05-03 00:00:00,Hillsborough,53.66666666666666,4.5,50.0,
2024-05-03 01:00:00,Hillsborough,52.66666666666666,,,
2024-05-03 02:00:00,Hillsborough,52.333333333333336,,,
2024-05-03 03:00:00,Hillsborough,52.0,,,
2024-05-03 04:00:00,Hillsborough,51.66666666666666,,,
2024-05-03 05:00:00,Hillsborough,51.66666666666666,,,
2024-05-03 06:00:00,Hillsborough,53.0,,,
2024-05-03 07:00:00,Hillsborough,55.0,,,
2024-05-03 08:00:00,Hillsborough,58.0,4.60625,,
2024-05-03 09:00:00,Hillsborough,61.66666666666666,,,
2024-05-03 10:00:00,Hillsborough,63.66666666666666,,,
2024-05-03 11:00:00,Hillsborough,65.66666666666667,,,
2024-05-03 12:00:00,Hillsborough,66.66666666666667,,,
2024-05-03 13:00:00,Hillsborough,68.0,,,
2024-05-03 14:00:00,Hillsborough,69.0,,,
2024-05-03 15:00:00,Hillsborough,70.0,,,
2024-05-03 16:00:00,Hillsborough,69.66666666666667,4.2,,
2024-05-03 17:00:00,Hillsborough,69.33333333333333,,,
2024-05-03 18:00:00,Hillsborough,65.66666666666667,,,
2024-05-03 19:00:00,Hillsborough,61.333333333333336,,,
2024-05-03 20:00:00,Hillsborough,59.66666666666666,,,
2024-05-03 21:00:00,Hillsborough,57.66666666666666,,,
2024-05-03 22:00:00,Hillsborough,56.0,,,
2024-05-03 23:00:00,Hillsborough,54.66666666666666,,,
2024-05-04 00:00:00,Hillsborough,53.0,4.775,42.0,
2024-05-04 01:00:00,Hillsborough,52.66666666666666,,,
2024-05-04 02:00:00,Hillsborough,52.66666666666666,,,
2024-05-04 03:00:00,Hillsborough,52.66666666666666,,,
2024-05-04 04:00:00,Hillsborough,52.0,,,
2024-05-04 05:00:00,Hillsborough,51.66666666666666,,,
2024-05-04 06:00:00,Hillsborough,56.333333333333336,,,
2024-05-04 07:00:00,Hillsborough,60.0,,,
2024-05-04 08:00:00,Hillsborough,61.66666666666666,5.0625,,
2024-05-04 09:00:00,Hillsborough,63.0,,,
2024-05-04 10:00:00,Hillsborough,64.66666666666667,,,
2024-05-04 11:00:00,Hillsborough,66.66666666666667,,,
2024-05-04 12:00:00,Hillsborough,67.0,,,
2024-05-04 13:00:00,Hillsborough,68.0,,,
2024-05-04 14:00:00,Hillsborough,68.66666666666667,,,
2024-05-04 15:00:00,Hillsborough,67.0,,,
2024-05-04 16:00:00,Hillsborough,66.66666666666667,4.1375,,
2024-05-04 17:00:00,Hillsborough,63.0,,,
2024-05-04 18:00:00,Hillsborough,59.66666666666666,,,
2024-05-04 19:00:00,Hillsborough,56.333333333333336,,,
2024-05-04 20:00:00,Hillsborough,53.66666666666666,,,
2024-05-04 21:00:00,Hillsborough,52.66666666666666,,,
2024-05-04 22:00:00,Hillsborough,53.0,,,
2024-05-04 23:00:00,Hillsborough,52.333333333333336,,,
2024-05-05 00:00:00,Hillsborough,52.0,3.3625,42.0,
2024-05-05 01:00:00,Hillsborough,52.0,,,
2024-05-05 02:00:00,Hillsborough,51.333333333333336,,,
2024-05-05 03:00:00,Hillsborough,51.333333333333336,,,
2024-05-05 04:00:00,Hillsborough,51.333333333333336,,,
2024-05-05 05:00:00,Hillsborough,51.0,,,
2024-05-05 06:00:00,Hillsborough,52.0,,,
2024-05-05 07:00:00,Hillsborough,54.0,,,
2024-05-05 08:00:00,Hillsborough,55.66666666666666,3.06875,,
2024-05-05 09:00:00,Hillsborough,57.0,,,
2024-05-05 10:00:00,Hillsborough,58.333333333333336,,,
2024-05-05 11:00:00,Hillsborough,59.333333333333336,,,
2024-05-05 12:00:00,Hillsborough,61.0,,,
2024-05-05 13:00:00,Hillsborough,61.0,,,
2024-05-05 14:00:00,Hillsborough,61.0,,,
2024-05-05 15:00:00,Hillsborough,61.333333333333336,,,
2024-05-05 16:00:00,Hillsborough,61.0,1.9625,,
2024-05-05 17:00:00,Hillsborough,58.66666666666666,,,
2024-05-05 18:00:00,Hillsborough,56.66666666666666,,,
2024-05-05 19:00:00,Hillsborough,54.333333333333336,,,
2024-05-05 20:00:00,Hillsborough,54.333333333333336,,,
2024-05-05 21:00:00,Hillsborough,54.0,,,
2024-05-05 22:00:00,Hillsborough,53.66666666666666,,,
2024-05-05 23:00:00,Hillsborough,53.66666666666666,,,
2024-05-06 00:00:00,Hillsborough,53.66666666666666,3.6375,46.0,0.0313115079365079
2024-05-06 01:00:00,Hillsborough,53.333333333333336,,,
2024-05-06 02:00:00,Hillsborough,53.0,,,
2024-05-06 03:00:00,Hillsborough,52.333333333333336,,,
2024-05-06 04:00:00,Hillsborough,53.0,,,
2024-05-06 05:00:00,Hillsborough,54.0,,,
2024-05-06 06:00:00,Hillsborough,56.0,,,
2024-05-06 07:00:00,Hillsborough,59.66666666666666,,,
2024-05-06 08:00:00,Hillsborough,63.0,4.5125,,
2024-05-06 09:00:00,Hillsborough,66.33333333333333,,,
2024-05-06 10:00:00,Hillsborough,69.66666666666667,,,
2024-05-06 11:00:00,Hillsborough,72.33333333333333,,,
2024-05-06 12:00:00,Hillsborough,74.0,,,
2024-05-06 13:00:00,Hillsborough,77.0,,,
2024-05-06 14:00:00,Hillsborough,77.33333333333333,,,
2024-05-06 15:00:00,Hillsborough,76.66666666666667,,,
2024-05-06 16:00:00,Hillsborough,76.66666666666667,5.54375,,
2024-05-06 17:00:00,Hillsborough,76.0,,,
2024-05-06 18:00:00,Hillsborough,72.66666666666667,,,
2024-05-06 19:00:00,Hillsborough,67.33333333333333,,,
2024-05-06 20:00:00,Hillsborough,64.66666666666667,,,
2024-05-06 21:00:00,Hillsborough,63.66666666666666,,,
2024-05-06 22:00:00,Hillsborough,62.0,,,
2024-05-06 23:00:00,Hillsborough,61.0,,,
2024-05-07 00:00:00,Hillsborough,60.333333333333336,5.8374999999999995,50.0,
2024-05-07 01:00:00,Hillsborough,59.0,,,
2024-05-07 02:00:00,Hillsborough,58.333333333333336,,,
2024-05-07 03:00:00,Hillsborough,57.0,,,
2024-05-07 04:00:00,Hillsborough,56.0,,,
2024-05-07 05:00:00,Hillsborough,56.0,,,
2024-05-07 06:00:00,Hillsborough,60.66666666666666,,,
2024-05-07 07:00:00,Hillsborough,66.33333333333333,,,
2024-05-07 08:00:00,Hillsborough,69.66666666666667,4.75625,,
2024-05-07 09:00:00,Hillsborough,72.33333333333333,,,
2024-05-07 10:00:00,Hillsborough,74.33333333333333,,,
2024-05-07 11:00:00,Hillsborough,76.0,,,
2024-05-07 12:00:00,Hillsborough,78.0,,,
2024-05-07 13:00:00,Hillsborough,78.33333333333333,,,
2024-05-07 14:00:00,Hillsborough,80.0,,,
2024-05-07 15:00:00,Hillsborough,79.0,,,
2024-05-07 16:00:00,Hillsborough,78.66666666666667,4.375,,
2024-05-07 17:00:00,Hillsborough,76.0,,,
2024-05-07 18:00:00,Hillsborough,72.66666666666667,,,
2024-05-07 19:00:00,Hillsborough,67.66666666666667,,,
2024-05-07 20:00:00,Hillsborough,65.33333333333333,,,
2024-05-07 21:00:00,Hillsborough,63.66666666666666,,,
2024-05-07 22:00:00,Hillsborough,62.0,,,
2024-05-07 23:00:00,Hillsborough,59.0,,,
2024-05-08 00:00:00,Hillsborough,58.66666666666666,5.075,52.0,
2024-05-08 01:00:00,Hillsborough,57.333333333333336,,,
2024-05-08 02:00:00,Hillsborough,56.66666666666666,,,
2024-05-08 03:00:00,Hillsborough,56.0,,,
2024-05-08 04:00:00,Hillsborough,55.333333333333336,,,
2024-05-08 05:00:00,Hillsborough,56.0,,,
2024-05-08 06:00:00,Hillsborough,58.66666666666666,,,
2024-05-08 07:00:00,Hillsborough,60.333333333333336,,,
2024-05-08 08:00:00,Hillsborough,60.333333333333336,5.7125,,
2024-05-08 09:00:00,Hillsborough,60.66666666666666,,,
2024-05-08 10:00:00,Hillsborough,62.0,,,
2024-05-08 11:00:00,Hillsborough,64.33333333333333,,,
2024-05-08 12:00:00,Hillsborough,66.0,,,
2024-05-08 13:00:00,Hillsborough,68.0,,,
2024-05-08 14:00:00,Hillsborough,67.66666666666667,,,
2024-05-08 15:00:00,Hillsborough,67.33333333333333,,,
2024-05-08 16:00:00,Hillsborough,66.33333333333333,5.325,,
2024-05-08 17:00:00,Hillsborough,66.66666666666667,,,
2024-05-08 18:00:00,Hillsborough,65.0,,,
2024-05-08 19:00:00,Hillsborough,63.0,,,
2024-05-08 20:00:00,Hillsborough,62.333333333333336,,,
2024-05-08 21:00:00,Hillsborough,61.333333333333336,,,
2024-05-08 22:00:00,Hillsborough,60.66666666666666,,,
2024-05-08 23:00:00,Hillsborough,59.66666666666666,,,
2024-05-09 00:00:00,Hillsborough,58.66666666666666,3.975,45.0,
2024-05-09 01:00:00,Hillsborough,58.0,,,
2024-05-09 02:00:00,Hillsborough,57.0,,,
2024-05-09 03:00:00,Hillsborough,55.333333333333336,,,
2024-05-09 04:00:00,Hillsborough,54.66666666666666,,,
2024-05-09 05:00:00,Hillsborough,54.0,,,
2024-05-09 06:00:00,Hillsborough,56.0,,,
2024-05-09 07:00:00,Hillsborough,58.66666666666666,,,
2024-05-09 08:00:00,Hillsborough,61.333333333333336,4.33125,,
2024-05-09 09:00:00,Hillsborough,63.66666666666666,,,
2024-05-09 10:00:00,Hillsborough,65.33333333333333,,,
2024-05-09 11:00:00,Hillsborough,66.0,,,
2024-05-09 12:00:00,Hillsborough,67.33333333333333,,,
2024-05-09 13:00:00,Hillsborough,69.33333333333333,,,
2024-05-09 14:00:00,Hillsborough,69.66666666666667,,,
2024-05-09 15:00:00,Hillsborough,69.0,,,
2024-05-09 16:00:00,Hillsborough,68.0,5.26875,,
2024-05-09 17:00:00,Hillsborough,66.0,,,
2024-05-09 18:00:00,Hillsborough,62.66666666666666,,,
2024-05-09 19:00:00,Hillsborough,60.333333333333336,,,
2024-05-09 20:00:00,Hillsborough,58.333333333333336,,,
2024-05-09 21:00:00,Hillsborough,57.0,,,
2024-05-09 22:00:00,Hillsborough,56.333333333333336,,,
2024-05-09 23:00:00,Hillsborough,55.333333333333336,,,
2024-05-10 00:00:00,Hillsborough,55.0,6.125,55.0,
2024-05-10 01:00:00,Hillsborough,54.66666666666666,,,
2024-05-10 02:00:00,Hillsborough,53.66666666666666,,,
2024-05-10 03:00:00,Hillsborough,53.66666666666666,,,
2024-05-10 04:00:00,Hillsborough,53.0,,,
2024-05-10 05:00:00,Hillsborough,53.0,,,
2024-05-10 06:00:00,Hillsborough,53.333333333333336,,,
2024-05-10 07:00:00,Hillsborough,55.66666666666666,,,
2024-05-10 08:00:00,Hillsborough,60.66666666666666,6.59375,,
2024-05-10 09:00:00,Hillsborough,63.333333333333336,,,
2024-05-10 10:00:00,Hillsborough,65.0,,,
2024-05-10 11:00:00,Hillsborough,66.33333333333333,,,
2024-05-10 12:00:00,Hillsborough,67.33333333333333,,,
2024-05-10 13:00:00,Hillsborough,67.33333333333333,,,
2024-05-10 14:00:00,Hillsborough,67.66666666666667,,,
2024-05-10 15:00:00,Hillsborough,67.0,,,
2024-05-10 16:00:00,Hillsborough,66.33333333333333,6.64375,,
2024-05-10 17:00:00,Hillsborough,63.333333333333336,,,
2024-05-10 18:00:00,Hillsborough,60.333333333333336,,,
2024-05-10 19:00:00,Hillsborough,57.66666666666666,,,
2024-05-10 20:00:00,Hillsborough,56.0,,,
2024-05-10 21:00:00,Hillsborough,54.333333333333336,,,
2024-05-10 22:00:00,Hillsborough,53.333333333333336,,,
2024-05-10 23:00:00,Hillsborough,52.333333333333336,,,
2024-05-11 00:00:00,Hillsborough,51.66666666666666,6.5249999999999995,54.0,
2024-05-11 01:00:00,Hillsborough,51.66666666666666,,,
2024-05-11 02:00:00,Hillsborough,51.333333333333336,,,
2024-05-11 03:00:00,Hillsborough,50.0,,,
2024-05-11 04:00:00,Hillsborough,49.333333333333336,,,
2024-05-11 05:00:00,Hillsborough,50.333333333333336,,,
2024-05-11 06:00:00,Hillsborough,54.0,,,
2024-05-11 07:00:00,Hillsborough,58.0,,,
2024-05-11 08:00:00,Hillsborough,61.333333333333336,5.44375,,
2024-05-11 09:00:00,Hillsborough,63.333333333333336,,,
2024-05-11 10:00:00,Hillsborough,65.0,,,
2024-05-11 11:00:00,Hillsborough,65.0,,,
2024-05-11 12:00:00,Hillsborough,64.66666666666667,,,
2024-05-11 13:00:00,Hillsborough,65.33333333333333,,,
2024-05-11 14:00:00,Hillsborough,66.0,,,
2024-05-11 15:00:00,Hillsborough,66.0,,,
2024-05-11 16:00:00,Hillsborough,64.66666666666667,3.74375,,
2024-05-11 17:00:00,Hillsborough,62.333333333333336,,,
2024-05-11 18:00:00,Hillsborough,59.0,,,
2024-05-11 19:00:00,Hillsborough,55.333333333333336,,,
2024-05-11 20:00:00,Hillsborough,52.66666666666666,,,
2024-05-11 21:00:00,Hillsborough,51.0,,,
2024-05-11 22:00:00,Hillsborough,49.66666666666666,,,
2024-05-11 23:00:00,Hillsborough,50.333333333333336,,,
2024-05-12 00:00:00,Hillsborough,48.66666666666666,3.5875,77.0,
2024-05-12 01:00:00,Hillsborough,47.66666666666666,,,
2024-05-12 02:00:00,Hillsborough,47.333333333333336,,,
2024-05-12 03:00:00,Hillsborough,47.333333333333336,,,
2024-05-12 04:00:00,Hillsborough,47.66666666666666,,,
2024-05-12 05:00:00,Hillsborough,48.0,,,
2024-05-12 06:00:00,Hillsborough,50.66666666666666,,,
2024-05-12 07:00:00,Hillsborough,54.333333333333336,,,
2024-05-12 08:00:00,Hillsborough,57.66666666666666,4.1125,,
2024-05-12 09:00:00,Hillsborough,61.333333333333336,,,
2024-05-12 10:00:00,Hillsborough,65.0,,,
2024-05-12 11:00:00,Hillsborough,66.0,,,
2024-05-12 12:00:00,Hillsborough,66.0,,,
2024-05-12 13:00:00,Hillsborough,66.66666666666667,,,
2024-05-12 14:00:00,Hillsborough,66.33333333333333,,,
2024-05-12 15:00:00,Hillsborough,66.33333333333333,,,
2024-05-12 16:00:00,Hillsborough,66.33333333333333,4.4375,,
2024-05-12 17:00:00,Hillsborough,64.0,,,
2024-05-12 18:00:00,Hillsborough,60.333333333333336,,,
2024-05-12 19:00:00,Hillsborough,58.333333333333336,,,
2024-05-12 20:00:00,Hillsborough,56.66666666666666,,,
2024-05-12 21:00:00,Hillsborough,56.0,,,
2024-05-12 22:00:00,Hillsborough,55.66666666666666,,,
2024-05-12 23:00:00,Hillsborough,55.333333333333336,,,
2024-05-13 00:00:00,Hillsborough,54.66666666666666,4.44375,58.0,0.032437996031746
2024-05-13 01:00:00,Hillsborough,53.66666666666666,,,
2024-05-13 02:00:00,Hillsborough,53.66666666666666,,,
2024-05-13 03:00:00,Hillsborough,52.333333333333336,,,
2024-05-13 04:00:00,Hillsborough,51.66666666666666,,,
2024-05-13 05:00:00,Hillsborough,52.333333333333336,,,
2024-05-13 06:00:00,Hillsborough,56.0,,,
2024-05-13 07:00:00,Hillsborough,62.333333333333336,,,
2024-05-13 08:00:00,Hillsborough,66.33333333333333,8.59375,,
2024-05-13 09:00:00,Hillsborough,69.33333333333333,,,
2024-05-13 10:00:00,Hillsborough,71.33333333333333,,,
2024-05-13 11:00:00,Hillsborough,74.0,,,
2024-05-13 12:00:00,Hillsborough,75.33333333333333,,,
2024-05-13 13:00:00,Hillsborough,74.66666666666667,,,
2024-05-13 14:00:00,Hillsborough,75.33333333333333,,,
2024-05-13 15:00:00,Hillsborough,75.33333333333333,,,
2024-05-13 16:00:00,Hillsborough,73.66666666666667,7.225,,
2024-05-13 17:00:00,Hillsborough,70.66666666666667,,,
2024-05-13 18:00:00,Hillsborough,65.33333333333333,,,
2024-05-13 19:00:00,Hillsborough,64.0,,,
2024-05-13 20:00:00,Hillsborough,62.333333333333336,,,
2024-05-13 21:00:00,Hillsborough,61.0,,,
2024-05-13 22:00:00,Hillsborough,60.0,,,
2024-05-13 23:00:00,Hillsborough,59.333333333333336,,,
2024-05-14 00:00:00,Hillsborough,58.333333333333336,9.24375,67.0,
2024-05-14 01:00:00,Hillsborough,58.66666666666666,,,
2024-05-14 02:00:00,Hillsborough,59.0,,,
2024-05-14 03:00:00,Hillsborough,58.66666666666666,,,
2024-05-14 04:00:00,Hillsborough,58.66666666666666,,,
2024-05-14 05:00:00,Hillsborough,59.66666666666666,,,
2024-05-14 06:00:00,Hillsborough,61.333333333333336,,,
2024-05-14 07:00:00,Hillsborough,63.333333333333336,,,
2024-05-14 08:00:00,Hillsborough,68.33333333333333,5.8875,,
2024-05-14 09:00:00,Hillsborough,73.33333333333333,,,
2024-05-14 10:00:00,Hillsborough,75.33333333333333,,,
2024-05-14 11:00:00,Hillsborough,73.0,,,
2024-05-14 12:00:00,Hillsborough,77.0,,,
2024-05-14 13:00:00,Hillsborough,80.33333333333333,,,
2024-05-14 14:00:00,Hillsborough,81.33333333333333,,,
2024-05-14 15:00:00,Hillsborough,82.0,,,
2024-05-14 16:00:00,Hillsborough,81.33333333333333,11.83125,,
2024-05-14 17:00:00,Hillsborough,78.66666666666667,,,
2024-05-14 18:00:00,Hillsborough,75.33333333333333,,,
2024-05-14 19:00:00,Hillsborough,72.33333333333333,,,
2024-05-14 20:00:00,Hillsborough,70.0,,,
2024-05-14 21:00:00,Hillsborough,68.0,,,
2024-05-14 22:00:00,Hillsborough,66.33333333333333,,,
2024-05-14 23:00:00,Hillsborough,65.0,,,
2024-05-15 00:00:00,Hillsborough,64.0,9.75625,63.0,
2024-05-15 01:00:00,Hillsborough,63.333333333333336,,,
2024-05-15 02:00:00,Hillsborough,62.333333333333336,,,
2024-05-15 03:00:00,Hillsborough,62.66666666666666,,,
2024-05-15 04:00:00,Hillsborough,63.333333333333336,,,
2024-05-15 05:00:00,Hillsborough,63.66666666666666,,,
2024-05-15 06:00:00,Hillsborough,64.33333333333333,,,
2024-05-15 07:00:00,Hillsborough,64.0,,,
2024-05-15 08:00:00,Hillsborough,65.0,6.08125,,
2024-05-15 09:00:00,Hillsborough,67.33333333333333,,,
2024-05-15 10:00:00,Hillsborough,69.66666666666667,,,
2024-05-15 11:00:00,Hillsborough,71.33333333333333,,,
2024-05-15 12:00:00,Hillsborough,72.33333333333333,,,
2024-05-15 13:00:00,Hillsborough,69.66666666666667,,,
2024-05-15 14:00:00,Hillsborough,68.33333333333333,,,
2024-05-15 15:00:00,Hillsborough,68.33333333333333,,,
2024-05-15 16:00:00,Hillsborough,68.0,7.56875,,
2024-05-15 17:00:00,Hillsborough,68.0,,,
2024-05-15 18:00:00,Hillsborough,67.0,,,
2024-05-15 19:00:00,Hillsborough,66.0,,,
2024-05-15 20:00:00,Hillsborough,65.0,,,
2024-05-15 21:00:00,Hillsborough,64.0,,,
2024-05-15 22:00:00,Hillsborough,63.66666666666666,,,
2024-05-15 23:00:00,Hillsborough,62.66666666666666,,,
2024-05-16 00:00:00,Hillsborough,61.0,6.54375,59.0,
2024-05-16 01:00:00,Hillsborough,59.66666666666666,,,
2024-05-16 02:00:00,Hillsborough,59.66666666666666,,,
2024-05-16 03:00:00,Hillsborough,59.333333333333336,,,
2024-05-16 04:00:00,Hillsborough,58.66666666666666,,,
2024-05-16 05:00:00,Hillsborough,59.333333333333336,,,
2024-05-16 06:00:00,Hillsborough,60.0,,,
2024-05-16 07:00:00,Hillsborough,61.0,,,
2024-05-16 08:00:00,Hillsborough,62.66666666666666,7.45625,,
2024-05-16 09:00:00,Hillsborough,65.0,,,
2024-05-16 10:00:00,Hillsborough,67.66666666666667,,,
2024-05-16 11:00:00,Hillsborough,69.66666666666667,,,
2024-05-16 12:00:00,Hillsborough,72.0,,,
2024-05-16 13:00:00,Hillsborough,72.66666666666667,,,
2024-05-16 14:00:00,Hillsborough,73.0,,,
2024-05-16 15:00:00,Hillsborough,73.33333333333333,,,
2024-05-16 16:00:00,Hillsborough,72.0,7.106249999999999,,
2024-05-16 17:00:00,Hillsborough,70.33333333333333,,,
2024-05-16 18:00:00,Hillsborough,67.33333333333333,,,
2024-05-16 19:00:00,Hillsborough,64.33333333333333,,,
2024-05-16 20:00:00,Hillsborough,62.333333333333336,,,
2024-05-16 21:00:00,Hillsborough,61.0,,,
2024-05-16 22:00:00,Hillsborough,59.0,,,
2024-05-16 23:00:00,Hillsborough,57.66666666666666,,,
2024-05-17 00:00:00,Hillsborough,56.66666666666666,7.725,70.0,
2024-05-17 01:00:00,Hillsborough,55.66666666666666,,,
2024-05-17 02:00:00,Hillsborough,55.333333333333336,,,
2024-05-17 03:00:00,Hillsborough,55.333333333333336,,,
2024-05-17 04:00:00,Hillsborough,55.66666666666666,,,
2024-05-17 05:00:00,Hillsborough,57.0,,,
2024-05-17 06:00:00,Hillsborough,59.66666666666666,,,
2024-05-17 07:00:00,Hillsborough,64.0,,,
2024-05-17 08:00:00,Hillsborough,67.33333333333333,6.49375,,
2024-05-17 09:00:00,Hillsborough,69.66666666666667,,,
2024-05-17 10:00:00,Hillsborough,72.66666666666667,,,
2024-05-17 11:00:00,Hillsborough,75.33333333333333,,,
2024-05-17 12:00:00,Hillsborough,76.33333333333333,,,
2024-05-17 13:00:00,Hillsborough,77.0,,,
2024-05-17 14:00:00,Hillsborough,76.0,,,
2024-05-17 15:00:00,Hillsborough,74.66666666666667,,,
2024-05-17 16:00:00,Hillsborough,72.0,11.39375,,
2024-05-17 17:00:00,Hillsborough,69.33333333333333,,,
2024-05-17 18:00:00,Hillsborough,67.0,,,
2024-05-17 19:00:00,Hillsborough,65.0,,,
2024-05-17 20:00:00,Hillsborough,63.333333333333336,,,
2024-05-17 21:00:00,Hillsborough,62.333333333333336,,,
2024-05-17 22:00:00,Hillsborough,61.333333333333336,,,
2024-05-17 23:00:00,Hillsborough,60.0,,,
2024-05-18 00:00:00,Hillsborough,59.0,10.34375,74.0,
2024-05-18 01:00:00,Hillsborough,59.0,,,
2024-05-18 02:00:00,Hillsborough,58.66666666666666,,,
2024-05-18 03:00:00,Hillsborough,58.333333333333336,,,
2024-05-18 04:00:00,Hillsborough,58.333333333333336,,,
2024-05-18 05:00:00,Hillsborough,59.0,,,
2024-05-18 06:00:00,Hillsborough,59.66666666666666,,,
2024-05-18 07:00:00,Hillsborough,62.0,,,
2024-05-18 08:00:00,Hillsborough,64.66666666666667,7.85,,
2024-05-18 09:00:00,Hillsborough,65.66666666666667,,,
2024-05-18 10:00:00,Hillsborough,67.0,,,
2024-05-18 11:00:00,Hillsborough,67.33333333333333,,,
2024-05-18 12:00:00,Hillsborough,67.0,,,
2024-05-18 13:00:00,Hillsborough,66.66666666666667,,,
2024-05-18 14:00:00,Hillsborough,66.0,,,
2024-05-18 15:00:00,Hillsborough,66.0,,,
2024-05-18 16:00:00,Hillsborough,65.0,8.3125,,
2024-05-18 17:00:00,Hillsborough,64.66666666666667,,,
2024-05-18 18:00:00,Hillsborough,63.66666666666666,,,
2024-05-18 19:00:00,Hillsborough,62.0,,,
2024-05-18 20:00:00,Hillsborough,61.66666666666666,,,
2024-05-18 21:00:00,Hillsborough,61.0,,,
2024-05-18 22:00:00,Hillsborough,60.66666666666666,,,
2024-05-18 23:00:00,Hillsborough,60.333333333333336,,,
2024-05-19 00:00:00,Hillsborough,60.66666666666666,6.96875,58.0,
2024-05-19 01:00:00,Hillsborough,60.333333333333336,,,
2024-05-19 02:00:00,Hillsborough,60.333333333333336,,,
2024-05-19 03:00:00,Hillsborough,60.66666666666666,,,
2024-05-19 04:00:00,Hillsborough,60.66666666666666,,,
2024-05-19 05:00:00,Hillsborough,60.66666666666666,,,
2024-05-19 06:00:00,Hillsborough,61.66666666666666,,,
2024-05-19 07:00:00,Hillsborough,62.333333333333336,,,
2024-05-19 08:00:00,Hillsborough,63.0,5.75,,
2024-05-19 09:00:00,Hillsborough,64.66666666666667,,,
2024-05-19 10:00:00,Hillsborough,66.33333333333333,,,
2024-05-19 11:00:00,Hillsborough,67.0,,,
2024-05-19 12:00:00,Hillsborough,68.66666666666667,,,
2024-05-19 13:00:00,Hillsborough,68.66666666666667,,,
2024-05-19 14:00:00,Hillsborough,68.66666666666667,,,
2024-05-19 15:00:00,Hillsborough,68.0,,,
2024-05-19 16:00:00,Hillsborough,67.66666666666667,5.4625,,
2024-05-19 17:00:00,Hillsborough,67.0,,,
2024-05-19 18:00:00,Hillsborough,65.0,,,
2024-05-19 19:00:00,Hillsborough,63.0,,,
2024-05-19 20:00:00,Hillsborough,60.66666666666666,,,
2024-05-19 21:00:00,Hillsborough,59.333333333333336,,,
2024-05-19 22:00:00,Hillsborough,59.333333333333336,,,
2024-05-19 23:00:00,Hillsborough,59.333333333333336,,,
2024-05-20 00:00:00,Hillsborough,59.0,5.78125,51.0,0.03802807539682536
2024-05-20 01:00:00,Hillsborough,58.66666666666666,,,
2024-05-20 02:00:00,Hillsborough,58.66666666666666,,,
2024-05-20 03:00:00,Hillsborough,58.0,,,
2024-05-20 04:00:00,Hillsborough,58.0,,,
2024-05-20 05:00:00,Hillsborough,59.66666666666666,,,
2024-05-20 06:00:00,Hillsborough,62.0,,,
2024-05-20 07:00:00,Hillsborough,64.33333333333333,,,
2024-05-20 08:00:00,Hillsborough,66.33333333333333,4.99375,,
2024-05-20 09:00:00,Hillsborough,68.33333333333333,,,
2024-05-20 10:00:00,Hillsborough,71.33333333333333,,,
2024-05-20 11:00:00,Hillsborough,73.33333333333333,,,
2024-05-20 12:00:00,Hillsborough,75.66666666666667,,,
2024-05-20 13:00:00,Hillsborough,71.5,,,
2024-05-20 14:00:00,Hillsborough,71.5,,,
2024-05-20 15:00:00,Hillsborough,71.5,,,
2024-05-20 16:00:00,Hillsborough,71.5,4.40625,,
2024-05-20 17:00:00,Hillsborough,69.0,,,
2024-05-20 18:00:00,Hillsborough,64.5,,,
2024-05-20 19:00:00,Hillsborough,61.0,,,
2024-05-20 20:00:00,Hillsborough,60.5,,,
2024-05-20 21:00:00,Hillsborough,59.0,,,
2024-05-20 22:00:00,Hillsborough,57.0,,,
2024-05-20 23:00:00,Hillsborough,56.0,,,
2024-05-21 00:00:00,Hillsborough,54.5,5.24375,64.0,
2024-05-21 01:00:00,Hillsborough,54.5,,,
2024-05-21 02:00:00,Hillsborough,53.5,,,
2024-05-21 03:00:00,Hillsborough,53.5,,,
2024-05-21 04:00:00,Hillsborough,54.5,,,
2024-05-21 05:00:00,Hillsborough,57.0,,,
2024-05-21 06:00:00,Hillsborough,62.0,,,
2024-05-21 07:00:00,Hillsborough,66.5,,,
2024-05-21 08:00:00,Hillsborough,71.0,6.74375,,
2024-05-21 09:00:00,Hillsborough,75.5,,,
2024-05-21 10:00:00,Hillsborough,79.0,,,
2024-05-21 11:00:00,Hillsborough,82.5,,,
2024-05-21 12:00:00,Hillsborough,83.5,,,
2024-05-21 13:00:00,Hillsborough,84.5,,,
2024-05-21 14:00:00,Hillsborough,85.0,,,
2024-05-21 15:00:00,Hillsborough,86.33333333333333,,,
2024-05-21 16:00:00,Hillsborough,83.66666666666667,5.525,,
2024-05-21 17:00:00,Hillsborough,79.33333333333333,,,
2024-05-21 18:00:00,Hillsborough,76.0,,,
2024-05-21 19:00:00,Hillsborough,72.66666666666667,,,
2024-05-21 20:00:00,Hillsborough,71.66666666666667,,,
2024-05-21 21:00:00,Hillsborough,70.66666666666667,,,
2024-05-21 22:00:00,Hillsborough,69.33333333333333,,,
2024-05-21 23:00:00,Hillsborough,68.33333333333333,,,
2024-05-22 00:00:00,Hillsborough,66.66666666666667,6.8062499999999995,58.0,
2024-05-22 01:00:00,Hillsborough,67.0,,,
2024-05-22 02:00:00,Hillsborough,66.33333333333333,,,
2024-05-22 03:00:00,Hillsborough,65.0,,,
2024-05-22 04:00:00,Hillsborough,63.66666666666666,,,
2024-05-22 05:00:00,Hillsborough,64.33333333333333,,,
2024-05-22 06:00:00,Hillsborough,67.0,,,
2024-05-22 07:00:00,Hillsborough,71.0,,,
2024-05-22 08:00:00,Hillsborough,78.0,7.481249999999999,,
2024-05-22 09:00:00,Hillsborough,81.33333333333333,,,
2024-05-22 10:00:00,Hillsborough,85.0,,,
2024-05-22 11:00:00,Hillsborough,87.33333333333333,,,
2024-05-22 12:00:00,Hillsborough,88.66666666666667,,,
2024-05-22 13:00:00,Hillsborough,89.66666666666667,,,
2024-05-22 14:00:00,Hillsborough,91.0,,,
2024-05-22 15:00:00,Hillsborough,90.33333333333331,,,
2024-05-22 16:00:00,Hillsborough,90.33333333333331,6.35625,,
2024-05-22 17:00:00,Hillsborough,88.0,,,
2024-05-22 18:00:00,Hillsborough,82.66666666666667,,,
2024-05-22 19:00:00,Hillsborough,78.66666666666667,,,
2024-05-22 20:00:00,Hillsborough,75.33333333333333,,,
2024-05-22 21:00:00,Hillsborough,73.0,,,
2024-05-22 22:00:00,Hillsborough,71.0,,,
2024-05-22 23:00:00,Hillsborough,69.33333333333333,,,
2024-05-23 00:00:00,Hillsborough,68.0,5.65,50.0,
2024-05-23 01:00:00,Hillsborough,66.66666666666667,,,
2024-05-23 02:00:00,Hillsborough,65.66666666666667,,,
2024-05-23 03:00:00,Hillsborough,64.66666666666667,,,
2024-05-23 04:00:00,Hillsborough,64.33333333333333,,,
2024-05-23 05:00:00,Hillsborough,65.33333333333333,,,
2024-05-23 06:00:00,Hillsborough,68.0,,,
2024-05-23 07:00:00,Hillsborough,73.0,,,
2024-05-23 08:00:00,Hillsborough,77.0,5.10625,,
2024-05-23 09:00:00,Hillsborough,79.0,,,
2024-05-23 10:00:00,Hillsborough,81.0,,,
2024-05-23 11:00:00,Hillsborough,80.0,,,
2024-05-23 12:00:00,Hillsborough,80.0,,,
2024-05-23 13:00:00,Hillsborough,81.33333333333333,,,
2024-05-23 14:00:00,Hillsborough,84.66666666666667,,,
2024-05-23 15:00:00,Hillsborough,85.0,,,
2024-05-23 16:00:00,Hillsborough,84.33333333333333,4.254166666666666,,
2024-05-23 17:00:00,Hillsborough,82.33333333333333,,,
2024-05-23 18:00:00,Hillsborough,79.33333333333333,,,
2024-05-23 19:00:00,Hillsborough,74.66666666666667,,,
2024-05-23 20:00:00,Hillsborough,71.33333333333333,,,
2024-05-23 21:00:00,Hillsborough,68.0,,,
2024-05-23 22:00:00,Hillsborough,66.33333333333333,,,
2024-05-23 23:00:00,Hillsborough,64.0,,,
2024-05-24 00:00:00,Hillsborough,62.66666666666666,5.679166666666667,54.0,
2024-05-24 01:00:00,Hillsborough,60.66666666666666,,,
2024-05-24 02:00:00,Hillsborough,59.66666666666666,,,
2024-05-24 03:00:00,Hillsborough,58.333333333333336,,,
2024-05-24 04:00:00,Hillsborough,58.0,,,
2024-05-24 05:00:00,Hillsborough,58.333333333333336,,,
2024-05-24 06:00:00,Hillsborough,64.33333333333333,,,
2024-05-24 07:00:00,Hillsborough,70.66666666666667,,,
2024-05-24 08:00:00,Hillsborough,75.0,5.070833333333334,,
2024-05-24 09:00:00,Hillsborough,78.33333333333333,,,
2024-05-24 10:00:00,Hillsborough,80.66666666666667,,,
2024-05-24 11:00:00,Hillsborough,82.33333333333333,,,
2024-05-24 12:00:00,Hillsborough,83.33333333333333,,,
2024-05-24 13:00:00,Hillsborough,84.66666666666667,,,
2024-05-24 14:00:00,Hillsborough,84.66666666666667,,,
2024-05-24 15:00:00,Hillsborough,84.0,,,
2024-05-24 16:00:00,Hillsborough,82.66666666666667,5.7375,,
2024-05-24 17:00:00,Hillsborough,80.33333333333333,,,
2024-05-24 18:00:00,Hillsborough,78.0,,,
2024-05-24 19:00:00,Hillsborough,74.66666666666667,,,
2024-05-24 20:00:00,Hillsborough,72.33333333333333,,,
2024-05-24 21:00:00,Hillsborough,69.0,,,
2024-05-24 22:00:00,Hillsborough,66.33333333333333,,,
2024-05-24 23:00:00,Hillsborough,63.66666666666666,,,
2024-05-25 00:00:00,Hillsborough,62.0,6.270833333333333,52.0,
2024-05-25 01:00:00,Hillsborough,59.66666666666666,,,
2024-05-25 02:00:00,Hillsborough,58.333333333333336,,,
2024-05-25 03:00:00,Hillsborough,57.0,,,
2024-05-25 04:00:00,Hillsborough,56.66666666666666,,,
2024-05-25 05:00:00,Hillsborough,57.66666666666666,,,
2024-05-25 06:00:00,Hillsborough,62.66666666666666,,,
2024-05-25 07:00:00,Hillsborough,67.33333333333333,,,
2024-05-25 08:00:00,Hillsborough,71.33333333333333,5.254166666666666,,
2024-05-25 09:00:00,Hillsborough,74.66666666666667,,,
2024-05-25 10:00:00,Hillsborough,77.33333333333333,,,
2024-05-25 11:00:00,Hillsborough,80.0,,,
2024-05-25 12:00:00,Hillsborough,81.66666666666667,,,
2024-05-25 13:00:00,Hillsborough,82.66666666666667,,,
2024-05-25 14:00:00,Hillsborough,83.33333333333333,,,
2024-05-25 15:00:00,Hillsborough,83.66666666666667,,,
2024-05-25 16:00:00,Hillsborough,82.66666666666667,7.270833333333334,,
2024-05-25 17:00:00,Hillsborough,80.0,,,
2024-05-25 18:00:00,Hillsborough,75.33333333333333,,,
2024-05-25 19:00:00,Hillsborough,72.33333333333333,,,
2024-05-25 20:00:00,Hillsborough,69.33333333333333,,,
2024-05-25 21:00:00,Hillsborough,66.33333333333333,,,
2024-05-25 22:00:00,Hillsborough,64.66666666666667,,,
2024-05-25 23:00:00,Hillsborough,64.0,,,
2024-05-26 00:00:00,Hillsborough,63.66666666666666,10.016666666666666,55.0,
2024-05-26 01:00:00,Hillsborough,63.66666666666666,,,
2024-05-26 02:00:00,Hillsborough,62.333333333333336,,,
2024-05-26 03:00:00,Hillsborough,63.0,,,
2024-05-26 04:00:00,Hillsborough,63.333333333333336,,,
2024-05-26 05:00:00,Hillsborough,64.0,,,
2024-05-26 06:00:00,Hillsborough,67.0,,,
2024-05-26 07:00:00,Hillsborough,72.0,,,
2024-05-26 08:00:00,Hillsborough,75.66666666666667,7.466666666666667,,
2024-05-26 09:00:00,Hillsborough,76.66666666666667,,,
2024-05-26 10:00:00,Hillsborough,78.66666666666667,,,
2024-05-26 11:00:00,Hillsborough,80.33333333333333,,,
2024-05-26 12:00:00,Hillsborough,82.0,,,
2024-05-26 13:00:00,Hillsborough,82.66666666666667,,,
2024-05-26 14:00:00,Hillsborough,83.33333333333333,,,
2024-05-26 15:00:00,Hillsborough,82.33333333333333,,,
2024-05-26 16:00:00,Hillsborough,81.66666666666667,7.766666666666667,,
2024-05-26 17:00:00,Hillsborough,79.33333333333333,,,
2024-05-26 18:00:00,Hillsborough,76.33333333333333,,,
2024-05-26 19:00:00,Hillsborough,73.33333333333333,,,
2024-05-26 20:00:00,Hillsborough,70.66666666666667,,,
2024-05-26 21:00:00,Hillsborough,68.66666666666667,,,
2024-05-26 22:00:00,Hillsborough,66.33333333333333,,,
2024-05-26 23:00:00,Hillsborough,65.33333333333333,,,
2024-05-27 00:00:00,Hillsborough,64.33333333333333,6.345833333333333,53.0,0.03846170634920631
2024-05-27 01:00:00,Hillsborough,64.33333333333333,,,
2024-05-27 02:00:00,Hillsborough,62.66666666666666,,,
2024-05-27 03:00:00,Hillsborough,61.66666666666666,,,
2024-05-27 04:00:00,Hillsborough,60.66666666666666,,,
2024-05-27 05:00:00,Hillsborough,60.333333333333336,,,
2024-05-27 06:00:00,Hillsborough,60.333333333333336,,,
2024-05-27 07:00:00,Hillsborough,63.333333333333336,,,
2024-05-27 08:00:00,Hillsborough,65.0,4.954166666666667,,
2024-05-27 09:00:00,Hillsborough,67.0,,,
2024-05-27 10:00:00,Hillsborough,68.0,,,
2024-05-27 11:00:00,Hillsborough,68.66666666666667,,,
2024-05-27 12:00:00,Hillsborough,69.33333333333333,,,
2024-05-27 13:00:00,Hillsborough,69.66666666666667,,,
2024-05-27 14:00:00,Hillsborough,70.0,,,
2024-05-27 15:00:00,Hillsborough,71.33333333333333,,,
2024-05-27 16:00:00,Hillsborough,72.0,5.7875,,
2024-05-27 17:00:00,Hillsborough,72.66666666666667,,,
2024-05-27 18:00:00,Hillsborough,72.33333333333333,,,
2024-05-27 19:00:00,Hillsborough,71.66666666666667,,,
2024-05-27 20:00:00,Hillsborough,70.66666666666667,,,
2024-05-27 21:00:00,Hillsborough,70.33333333333333,,,
2024-05-27 22:00:00,Hillsborough,69.66666666666667,,,
2024-05-27 23:00:00,Hillsborough,68.66666666666667,,,
2024-05-28 00:00:00,Hillsborough,68.0,6.2875000000000005,52.0,
2024-05-28 01:00:00,Hillsborough,67.33333333333333,,,
2024-05-28 02:00:00,Hillsborough,67.33333333333333,,,
2024-05-28 03:00:00,Hillsborough,66.66666666666667,,,
2024-05-28 04:00:00,Hillsborough,66.33333333333333,,,
2024-05-28 05:00:00,Hillsborough,66.0,,,
2024-05-28 06:00:00,Hillsborough,68.33333333333333,,,
2024-05-28 07:00:00,Hillsborough,71.33333333333333,,,
2024-05-28 08:00:00,Hillsborough,74.33333333333333,7.495833333333334,,
2024-05-28 09:00:00,Hillsborough,75.0,,,
2024-05-28 10:00:00,Hillsborough,75.0,,,
2024-05-28 11:00:00,Hillsborough,78.66666666666667,,,
2024-05-28 12:00:00,Hillsborough,79.66666666666667,,,
2024-05-28 13:00:00,Hillsborough,81.0,,,
2024-05-28 14:00:00,Hillsborough,81.66666666666667,,,
2024-05-28 15:00:00,Hillsborough,81.66666666666667,,,
2024-05-28 16:00:00,Hillsborough,81.0,5.483333333333333,,
2024-05-28 17:00:00,Hillsborough,78.66666666666667,,,
2024-05-28 18:00:00,Hillsborough,76.0,,,
2024-05-28 19:00:00,Hillsborough,72.33333333333333,,,
2024-05-28 20:00:00,Hillsborough,70.0,,,
2024-05-28 21:00:00,Hillsborough,68.33333333333333,,,
2024-05-28 22:00:00,Hillsborough,66.33333333333333,,,
2024-05-28 23:00:00,Hillsborough,64.66666666666667,,,
2024-05-29 00:00:00,Hillsborough,63.66666666666666,7.050000000000001,61.0,
2024-05-29 01:00:00,Hillsborough,62.0,,,
2024-05-29 02:00:00,Hillsborough,61.333333333333336,,,
2024-05-29 03:00:00,Hillsborough,60.333333333333336,,,
2024-05-29 04:00:00,Hillsborough,59.333333333333336,,,
2024-05-29 05:00:00,Hillsborough,60.0,,,
2024-05-29 06:00:00,Hillsborough,64.66666666666667,,,
2024-05-29 07:00:00,Hillsborough,68.66666666666667,,,
2024-05-29 08:00:00,Hillsborough,71.66666666666667,7.2375,,
2024-05-29 09:00:00,Hillsborough,73.66666666666667,,,
2024-05-29 10:00:00,Hillsborough,76.33333333333333,,,
2024-05-29 11:00:00,Hillsborough,77.66666666666667,,,
2024-05-29 12:00:00,Hillsborough,79.0,,,
2024-05-29 13:00:00,Hillsborough,80.0,,,
2024-05-29 14:00:00,Hillsborough,80.66666666666667,,,
2024-05-29 15:00:00,Hillsborough,80.33333333333333,,,
2024-05-29 16:00:00,Hillsborough,78.66666666666667,5.8,,
2024-05-29 17:00:00,Hillsborough,77.66666666666667,,,
2024-05-29 18:00:00,Hillsborough,74.66666666666667,,,
2024-05-29 19:00:00,Hillsborough,71.33333333333333,,,
2024-05-29 20:00:00,Hillsborough,68.33333333333333,,,
2024-05-29 21:00:00,Hillsborough,66.33333333333333,,,
2024-05-29 22:00:00,Hillsborough,64.33333333333333,,,
2024-05-29 23:00:00,Hillsborough,63.0,,,
2024-05-30 00:00:00,Hillsborough,62.333333333333336,10.891666666666666,143.0,
2024-05-30 01:00:00,Hillsborough,61.66666666666666,,,
2024-05-30 02:00:00,Hillsborough,61.333333333333336,,,
2024-05-30 03:00:00,Hillsborough,59.0,,,
2024-05-30 04:00:00,Hillsborough,58.66666666666666,,,
2024-05-30 05:00:00,Hillsborough,57.66666666666666,,,
2024-05-30 06:00:00,Hillsborough,57.66666666666666,,,
2024-05-30 07:00:00,Hillsborough,59.0,,,
2024-05-30 08:00:00,Hillsborough,61.0,12.258333333333333,,
2024-05-30 09:00:00,Hillsborough,62.333333333333336,,,
2024-05-30 10:00:00,Hillsborough,63.66666666666666,,,
2024-05-30 11:00:00,Hillsborough,65.66666666666667,,,
2024-05-30 12:00:00,Hillsborough,68.0,,,
2024-05-30 13:00:00,Hillsborough,69.66666666666667,,,
2024-05-30 14:00:00,Hillsborough,71.33333333333333,,,
2024-05-30 15:00:00,Hillsborough,73.66666666666667,,,
2024-05-30 16:00:00,Hillsborough,74.0,7.870833333333334,,
2024-05-30 17:00:00,Hillsborough,72.33333333333333,,,
2024-05-30 18:00:00,Hillsborough,69.0,,,
2024-05-30 19:00:00,Hillsborough,65.33333333333333,,,
2024-05-30 20:00:00,Hillsborough,61.66666666666666,,,
2024-05-30 21:00:00,Hillsborough,60.0,,,
2024-05-30 22:00:00,Hillsborough,58.333333333333336,,,
2024-05-30 23:00:00,Hillsborough,57.333333333333336,,,
2024-05-31 00:00:00,Hillsborough,56.333333333333336,8.504166666666666,97.0,
2024-05-31 01:00:00,Hillsborough,55.333333333333336,,,
2024-05-31 02:00:00,Hillsborough,54.66666666666666,,,
2024-05-31 03:00:00,Hillsborough,54.333333333333336,,,
2024-05-31 04:00:00,Hillsborough,54.333333333333336,,,
2024-05-31 05:00:00,Hillsborough,55.0,,,
2024-05-31 06:00:00,Hillsborough,60.66666666666666,,,
2024-05-31 07:00:00,Hillsborough,66.66666666666667,,,
2024-05-31 08:00:00,Hillsborough,71.33333333333333,7.079166666666667,,
2024-05-31 09:00:00,Hillsborough,74.66666666666667,,,
2024-05-31 10:00:00,Hillsborough,77.33333333333333,,,
2024-05-31 11:00:00,Hillsborough,78.33333333333333,,,
2024-05-31 12:00:00,Hillsborough,80.0,,,
2024-05-31 13:00:00,Hillsborough,80.33333333333333,,,
2024-05-31 14:00:00,Hillsborough,80.33333333333333,,,
2024-05-31 15:00:00,Hillsborough,80.33333333333333,,,
2024-05-31 16:00:00,Hillsborough,78.33333333333333,6.595833333333333,,
2024-05-31 17:00:00,Hillsborough,76.33333333333333,,,
2024-05-31 18:00:00,Hillsborough,72.66666666666667,,,
2024-05-31 19:00:00,Hillsborough,67.66666666666667,,,
2024-05-31 20:00:00,Hillsborough,64.66666666666667,,,
2024-05-31 21:00:00,Hillsborough,63.0,,,
2024-05-31 22:00:00,Hillsborough,62.0,,,
2024-05-31 23:00:00,Hillsborough,60.333333333333336,,,
2024-06-01 00:00:00,Hillsborough,58.66666666666666,7.029166666666667,61.0,
2024-06-01 01:00:00,Hillsborough,58.0,,,
2024-06-01 02:00:00,Hillsborough,57.0,,,
2024-06-01 03:00:00,Hillsborough,55.66666666666666,,,
2024-06-01 04:00:00,Hillsborough,55.333333333333336,,,
2024-06-01 05:00:00,Hillsborough,56.0,,,
2024-06-01 06:00:00,Hillsborough,62.333333333333336,,,
2024-06-01 07:00:00,Hillsborough,70.0,,,
2024-06-01 08:00:00,Hillsborough,73.0,5.116666666666667,,
2024-06-01 09:00:00,Hillsborough,75.66666666666667,,,
2024-06-01 10:00:00,Hillsborough,78.0,,,
2024-06-01 11:00:00,Hillsborough,80.33333333333333,,,
2024-06-01 12:00:00,Hillsborough,81.33333333333333,,,
2024-06-01 13:00:00,Hillsborough,83.0,,,
2024-06-01 14:00:00,Hillsborough,83.66666666666667,,,
2024-06-01 15:00:00,Hillsborough,83.33333333333333,,,
2024-06-01 16:00:00,Hillsborough,83.33333333333333,6.2375,,
2024-06-01 17:00:00,Hillsborough,81.66666666666667,,,
2024-06-01 18:00:00,Hillsborough,77.0,,,
2024-06-01 19:00:00,Hillsborough,71.33333333333333,,,
2024-06-01 20:00:00,Hillsborough,68.66666666666667,,,
2024-06-01 21:00:00,Hillsborough,67.33333333333333,,,
2024-06-01 22:00:00,Hillsborough,66.66666666666667,,,
2024-06-01 23:00:00,Hillsborough,64.66666666666667,,,
2024-06-02 00:00:00,Hillsborough,63.0,6.708333333333334,58.0,
2024-06-02 01:00:00,Hillsborough,61.66666666666666,,,
2024-06-02 02:00:00,Hillsborough,61.66666666666666,,,
2024-06-02 03:00:00,Hillsborough,60.333333333333336,,,
2024-06-02 04:00:00,Hillsborough,60.0,,,
2024-06-02 05:00:00,Hillsborough,60.66666666666666,,,
2024-06-02 06:00:00,Hillsborough,66.33333333333333,,,
2024-06-02 07:00:00,Hillsborough,71.0,,,
2024-06-02 08:00:00,Hillsborough,74.33333333333333,6.629166666666666,,
2024-06-02 09:00:00,Hillsborough,78.0,,,
2024-06-02 10:00:00,Hillsborough,81.0,,,
2024-06-02 11:00:00,Hillsborough,83.0,,,
2024-06-02 12:00:00,Hillsborough,82.66666666666667,,,
2024-06-02 13:00:00,Hillsborough,85.0,,,
2024-06-02 14:00:00,Hillsborough,86.0,,,
2024-06-02 15:00:00,Hillsborough,86.0,,,
2024-06-02 16:00:00,Hillsborough,84.33333333333333,6.0125,,
2024-06-02 17:00:00,Hillsborough,80.66666666666667,,,
2024-06-02 18:00:00,Hillsborough,76.33333333333333,,,
2024-06-02 19:00:00,Hillsborough,73.0,,,
2024-06-02 20:00:00,Hillsborough,71.0,,,
2024-06-02 21:00:00,Hillsborough,70.0,,,
2024-06-02 22:00:00,Hillsborough,69.33333333333333,,,
2024-06-02 23:00:00,Hillsborough,68.33333333333333,,,
2024-06-03 00:00:00,Hillsborough,66.66666666666667,7.716666666666667,58.0,0.031984722222222185
2024-06-03 01:00:00,Hillsborough,66.33333333333333,,,
2024-06-03 02:00:00,Hillsborough,65.66666666666667,,,
2024-06-03 03:00:00,Hillsborough,64.66666666666667,,,
2024-06-03 04:00:00,Hillsborough,64.33333333333333,,,
2024-06-03 05:00:00,Hillsborough,65.0,,,
2024-06-03 06:00:00,Hillsborough,67.33333333333333,,,
2024-06-03 07:00:00,Hillsborough,71.66666666666667,,,
2024-06-03 08:00:00,Hillsborough,76.0,7.195833333333333,,
2024-06-03 09:00:00,Hillsborough,80.66666666666667,,,
2024-06-03 10:00:00,Hillsborough,82.66666666666667,,,
2024-06-03 11:00:00,Hillsborough,85.0,,,
2024-06-03 12:00:00,Hillsborough,86.33333333333333,,,
2024-06-03 13:00:00,Hillsborough,86.66666666666667,,,
2024-06-03 14:00:00,Hillsborough,85.66666666666667,,,
2024-06-03 15:00:00,Hillsborough,85.0,,,
2024-06-03 16:00:00,Hillsborough,81.66666666666667,7.904166666666667,,
2024-06-03 17:00:00,Hillsborough,75.33333333333333,,,
2024-06-03 18:00:00,Hillsborough,71.66666666666667,,,
2024-06-03 19:00:00,Hillsborough,69.0,,,
2024-06-03 20:00:00,Hillsborough,68.0,,,
2024-06-03 21:00:00,Hillsborough,67.33333333333333,,,
2024-06-03 22:00:00,Hillsborough,67.0,,,
2024-06-03 23:00:00,Hillsborough,64.66666666666667,,,
2024-06-04 00:00:00,Hillsborough,63.66666666666666,7.0,90.0,
2024-06-04 01:00:00,Hillsborough,62.0,,,
2024-06-04 02:00:00,Hillsborough,61.0,,,
2024-06-04 03:00:00,Hillsborough,60.0,,,
2024-06-04 04:00:00,Hillsborough,59.333333333333336,,,
2024-06-04 05:00:00,Hillsborough,60.0,,,
2024-06-04 06:00:00,Hillsborough,64.0,,,
2024-06-04 07:00:00,Hillsborough,68.0,,,
2024-06-04 08:00:00,Hillsborough,72.33333333333333,6.3125,,
2024-06-04 09:00:00,Hillsborough,75.33333333333333,,,
2024-06-04 10:00:00,Hillsborough,78.0,,,
2024-06-04 11:00:00,Hillsborough,80.0,,,
2024-06-04 12:00:00,Hillsborough,81.66666666666667,,,
2024-06-04 13:00:00,Hillsborough,82.66666666666667,,,
2024-06-04 14:00:00,Hillsborough,84.0,,,
2024-06-04 15:00:00,Hillsborough,84.0,,,
2024-06-04 16:00:00,Hillsborough,83.33333333333333,7.716666666666667,,
2024-06-04 17:00:00,Hillsborough,80.66666666666667,,,
2024-06-04 18:00:00,Hillsborough,77.33333333333333,,,
2024-06-04 19:00:00,Hillsborough,73.66666666666667,,,
2024-06-04 20:00:00,Hillsborough,71.0,,,
2024-06-04 21:00:00,Hillsborough,69.0,,,
2024-06-04 22:00:00,Hillsborough,67.0,,,
2024-06-04 23:00:00,Hillsborough,66.0,,,
2024-06-05 00:00:00,Hillsborough,64.0,8.058333333333334,61.0,
2024-06-05 01:00:00,Hillsborough,63.333333333333336,,,
2024-06-05 02:00:00,Hillsborough,62.333333333333336,,,
2024-06-05 03:00:00,Hillsborough,61.66666666666666,,,
2024-06-05 04:00:00,Hillsborough,61.66666666666666,,,
2024-06-05 05:00:00,Hillsborough,62.66666666666666,,,
2024-06-05 06:00:00,Hillsborough,65.0,,,
2024-06-05 07:00:00,Hillsborough,68.0,,,
2024-06-05 08:00:00,Hillsborough,71.66666666666667,8.604166666666668,,
2024-06-05 09:00:00,Hillsborough,75.66666666666667,,,
2024-06-05 10:00:00,Hillsborough,80.0,,,
2024-06-05 11:00:00,Hillsborough,83.33333333333333,,,
2024-06-05 12:00:00,Hillsborough,87.0,,,
2024-06-05 13:00:00,Hillsborough,88.0,,,
2024-06-05 14:00:00,Hillsborough,88.0,,,
2024-06-05 15:00:00,Hillsborough,88.33333333333333,,,
2024-06-05 16:00:00,Hillsborough,87.0,8.266666666666666,,
2024-06-05 17:00:00,Hillsborough,84.0,,,
2024-06-05 18:00:00,Hillsborough,77.0,,,
2024-06-05 19:00:00,Hillsborough,74.0,,,
2024-06-05 20:00:00,Hillsborough,72.66666666666667,,,
2024-06-05 21:00:00,Hillsborough,71.33333333333333,,,
2024-06-05 22:00:00,Hillsborough,69.33333333333333,,,
2024-06-05 23:00:00,Hillsborough,68.66666666666667,,,
2024-06-06 00:00:00,Hillsborough,67.66666666666667,6.075,47.0,
2024-06-06 01:00:00,Hillsborough,67.33333333333333,,,
2024-06-06 02:00:00,Hillsborough,67.33333333333333,,,
2024-06-06 03:00:00,Hillsborough,67.33333333333333,,,
2024-06-06 04:00:00,Hillsborough,66.66666666666667,,,
2024-06-06 05:00:00,Hillsborough,67.66666666666667,,,
2024-06-06 06:00:00,Hillsborough,70.0,,,
2024-06-06 07:00:00,Hillsborough,71.66666666666667,,,
2024-06-06 08:00:00,Hillsborough,73.0,6.125,,
2024-06-06 09:00:00,Hillsborough,74.66666666666667,,,
2024-06-06 10:00:00,Hillsborough,75.66666666666667,,,
2024-06-06 11:00:00,Hillsborough,76.66666666666667,,,
2024-06-06 12:00:00,Hillsborough,77.0,,,
2024-06-06 13:00:00,Hillsborough,78.0,,,
2024-06-06 14:00:00,Hillsborough,78.33333333333333,,,
2024-06-06 15:00:00,Hillsborough,78.33333333333333,,,
2024-06-06 16:00:00,Hillsborough,76.66666666666667,4.858333333333333,,
2024-06-06 17:00:00,Hillsborough,76.0,,,
2024-06-06 18:00:00,Hillsborough,74.33333333333333,,,
2024-06-06 19:00:00,Hillsborough,73.0,,,
2024-06-06 20:00:00,Hillsborough,71.0,,,
2024-06-06 21:00:00,Hillsborough,70.33333333333333,,,
2024-06-06 22:00:00,Hillsborough,69.0,,,
2024-06-06 23:00:00,Hillsborough,67.66666666666667,,,
2024-06-07 00:00:00,Hillsborough,67.0,5.679166666666666,46.0,
2024-06-07 01:00:00,Hillsborough,66.0,,,
2024-06-07 02:00:00,Hillsborough,65.0,,,
2024-06-07 03:00:00,Hillsborough,64.66666666666667,,,
2024-06-07 04:00:00,Hillsborough,64.33333333333333,,,
2024-06-07 05:00:00,Hillsborough,65.0,,,
2024-06-07 06:00:00,Hillsborough,67.33333333333333,,,
2024-06-07 07:00:00,Hillsborough,70.33333333333333,,,
2024-06-07 08:00:00,Hillsborough,73.0,5.3,,
2024-06-07 09:00:00,Hillsborough,75.66666666666667,,,
2024-06-07 10:00:00,Hillsborough,78.66666666666667,,,
2024-06-07 11:00:00,Hillsborough,80.66666666666667,,,
2024-06-07 12:00:00,Hillsborough,82.66666666666667,,,
2024-06-07 13:00:00,Hillsborough,84.0,,,
2024-06-07 14:00:00,Hillsborough,85.33333333333333,,,
2024-06-07 15:00:00,Hillsborough,82.33333333333333,,,
2024-06-07 16:00:00,Hillsborough,78.33333333333333,4.8625,,
2024-06-07 17:00:00,Hillsborough,76.33333333333333,,,
2024-06-07 18:00:00,Hillsborough,74.66666666666667,,,
2024-06-07 19:00:00,Hillsborough,71.33333333333333,,,
2024-06-07 20:00:00,Hillsborough,70.0,,,
2024-06-07 21:00:00,Hillsborough,68.66666666666667,,,
2024-06-07 22:00:00,Hillsborough,67.0,,,
2024-06-07 23:00:00,Hillsborough,64.66666666666667,,,
2024-06-08 00:00:00,Hillsborough,63.0,5.070833333333333,42.0,
2024-06-08 01:00:00,Hillsborough,61.66666666666666,,,
2024-06-08 02:00:00,Hillsborough,60.66666666666666,,,
2024-06-08 03:00:00,Hillsborough,60.0,,,
2024-06-08 04:00:00,Hillsborough,59.333333333333336,,,
2024-06-08 05:00:00,Hillsborough,60.66666666666666,,,
2024-06-08 06:00:00,Hillsborough,64.33333333333333,,,
2024-06-08 07:00:00,Hillsborough,68.66666666666667,,,
2024-06-08 08:00:00,Hillsborough,70.66666666666667,4.945833333333333,,
2024-06-08 09:00:00,Hillsborough,72.0,,,
2024-06-08 10:00:00,Hillsborough,74.0,,,
2024-06-08 11:00:00,Hillsborough,75.0,,,
2024-06-08 12:00:00,Hillsborough,76.33333333333333,,,
2024-06-08 13:00:00,Hillsborough,77.0,,,
2024-06-08 14:00:00,Hillsborough,77.0,,,
2024-06-08 15:00:00,Hillsborough,77.33333333333333,,,
2024-06-08 16:00:00,Hillsborough,76.66666666666667,5.25,,
2024-06-08 17:00:00,Hillsborough,75.33333333333333,,,
2024-06-08 18:00:00,Hillsborough,72.66666666666667,,,
2024-06-08 19:00:00,Hillsborough,69.66666666666667,,,
2024-06-08 20:00:00,Hillsborough,67.33333333333333,,,
2024-06-08 21:00:00,Hillsborough,66.33333333333333,,,
2024-06-08 22:00:00,Hillsborough,65.0,,,
2024-06-08 23:00:00,Hillsborough,64.66666666666667,,,
2024-06-09 00:00:00,Hillsborough,63.66666666666666,5.475,43.0,
2024-06-09 01:00:00,Hillsborough,64.66666666666667,,,
2024-06-09 02:00:00,Hillsborough,64.0,,,
2024-06-09 03:00:00,Hillsborough,63.333333333333336,,,
2024-06-09 04:00:00,Hillsborough,62.66666666666666,,,
2024-06-09 05:00:00,Hillsborough,61.333333333333336,,,
2024-06-09 06:00:00,Hillsborough,61.66666666666666,,,
2024-06-09 07:00:00,Hillsborough,63.66666666666666,,,
2024-06-09 08:00:00,Hillsborough,63.333333333333336,4.375,,
2024-06-09 09:00:00,Hillsborough,64.33333333333333,,,
2024-06-09 10:00:00,Hillsborough,65.0,,,
2024-06-09 11:00:00,Hillsborough,66.33333333333333,,,
2024-06-09 12:00:00,Hillsborough,69.0,,,
2024-06-09 13:00:00,Hillsborough,71.33333333333333,,,
2024-06-09 14:00:00,Hillsborough,73.0,,,
2024-06-09 15:00:00,Hillsborough,75.0,,,
2024-06-09 16:00:00,Hillsborough,75.66666666666667,4.9375,,
2024-06-09 17:00:00,Hillsborough,74.66666666666667,,,
2024-06-09 18:00:00,Hillsborough,72.0,,,
2024-06-09 19:00:00,Hillsborough,68.33333333333333,,,
2024-06-09 20:00:00,Hillsborough,65.33333333333333,,,
2024-06-09 21:00:00,Hillsborough,63.0,,,
2024-06-09 22:00:00,Hillsborough,63.333333333333336,,,
2024-06-09 23:00:00,Hillsborough,62.333333333333336,,,
2024-06-10 00:00:00,Hillsborough,60.333333333333336,5.879166666666666,40.0,0.02634563492063488
2024-06-10 01:00:00,Hillsborough,60.0,,,
2024-06-10 02:00:00,Hillsborough,59.0,,,
2024-06-10 03:00:00,Hillsborough,58.0,,,
2024-06-10 04:00:00,Hillsborough,58.0,,,
2024-06-10 05:00:00,Hillsborough,59.0,,,
2024-06-10 06:00:00,Hillsborough,63.333333333333336,,,
2024-06-10 07:00:00,Hillsborough,67.33333333333333,,,
2024-06-10 08:00:00,Hillsborough,70.66666666666667,4.879166666666666,,
2024-06-10 09:00:00,Hillsborough,73.66666666666667,,,
2024-06-10 10:00:00,Hillsborough,75.66666666666667,,,
2024-06-10 11:00:00,Hillsborough,77.66666666666667,,,
2024-06-10 12:00:00,Hillsborough,77.33333333333333,,,
2024-06-10 13:00:00,Hillsborough,78.66666666666667,,,
2024-06-10 14:00:00,Hillsborough,77.33333333333333,,,
2024-06-10 15:00:00,Hillsborough,75.66666666666667,,,
2024-06-10 16:00:00,Hillsborough,74.33333333333333,4.183333333333334,,
2024-06-10 17:00:00,Hillsborough,72.33333333333333,,,
2024-06-10 18:00:00,Hillsborough,70.33333333333333,,,
2024-06-10 19:00:00,Hillsborough,68.0,,,
2024-06-10 20:00:00,Hillsborough,66.66666666666667,,,
2024-06-10 21:00:00,Hillsborough,64.66666666666667,,,
2024-06-10 22:00:00,Hillsborough,61.333333333333336,,,
2024-06-10 23:00:00,Hillsborough,60.66666666666666,,,
2024-06-11 00:00:00,Hillsborough,59.66666666666666,3.3916666666666666,24.0,
2024-06-11 01:00:00,Hillsborough,59.0,,,
2024-06-11 02:00:00,Hillsborough,58.66666666666666,,,
2024-06-11 03:00:00,Hillsborough,58.0,,,
2024-06-11 04:00:00,Hillsborough,58.0,,,
2024-06-11 05:00:00,Hillsborough,59.0,,,
2024-06-11 06:00:00,Hillsborough,63.0,,,
2024-06-11 07:00:00,Hillsborough,66.66666666666667,,,
2024-06-11 08:00:00,Hillsborough,69.33333333333333,3.1729166666666666,,
2024-06-11 09:00:00,Hillsborough,71.66666666666667,,,
2024-06-11 10:00:00,Hillsborough,72.33333333333333,,,
2024-06-11 11:00:00,Hillsborough,72.33333333333333,,,
2024-06-11 12:00:00,Hillsborough,71.33333333333333,,,
2024-06-11 13:00:00,Hillsborough,71.0,,,
2024-06-11 14:00:00,Hillsborough,70.33333333333333,,,
2024-06-11 15:00:00,Hillsborough,71.0,,,
2024-06-11 16:00:00,Hillsborough,70.33333333333333,2.4895833333333335,,
2024-06-11 17:00:00,Hillsborough,69.66666666666667,,,
2024-06-11 18:00:00,Hillsborough,68.33333333333333,,,
2024-06-11 19:00:00,Hillsborough,72.0,,,
2024-06-11 20:00:00,Hillsborough,65.66666666666667,,,
2024-06-11 21:00:00,Hillsborough,64.66666666666667,,,
2024-06-11 22:00:00,Hillsborough,64.0,,,
2024-06-11 23:00:00,Hillsborough,63.0,,,
2024-06-12 00:00:00,Hillsborough,63.333333333333336,2.6958333333333333,38.0,
2024-06-12 01:00:00,Hillsborough,63.0,,,
2024-06-12 02:00:00,Hillsborough,63.0,,,
2024-06-12 03:00:00,Hillsborough,63.0,,,
2024-06-12 04:00:00,Hillsborough,62.66666666666666,,,
2024-06-12 05:00:00,Hillsborough,63.66666666666666,,,
2024-06-12 06:00:00,Hillsborough,67.33333333333333,,,
2024-06-12 07:00:00,Hillsborough,70.0,,,
2024-06-12 08:00:00,Hillsborough,73.33333333333333,2.9291666666666667,,
2024-06-12 09:00:00,Hillsborough,76.33333333333333,,,
2024-06-12 10:00:00,Hillsborough,75.66666666666667,,,
2024-06-12 11:00:00,Hillsborough,76.66666666666667,,,
2024-06-12 12:00:00,Hillsborough,77.33333333333333,,,
2024-06-12 13:00:00,Hillsborough,79.33333333333333,,,
2024-06-12 14:00:00,Hillsborough,80.0,,,
2024-06-12 15:00:00,Hillsborough,50.0,,,
2024-06-12 16:00:00,Hillsborough,85.5,2.7145833333333336,,
2024-06-12 17:00:00,Hillsborough,82.5,,,
2024-06-12 18:00:00,Hillsborough,79.0,,,
2024-06-12 19:00:00,Hillsborough,69.33333333333333,,,
2024-06-12 20:00:00,Hillsborough,66.33333333333333,,,
2024-06-12 21:00:00,Hillsborough,64.33333333333333,,,
2024-06-12 22:00:00,Hillsborough,63.333333333333336,,,
2024-06-12 23:00:00,Hillsborough,63.0,,,
2024-06-13 00:00:00,Hillsborough,62.333333333333336,3.629166666666667,44.0,
2024-06-13 01:00:00,Hillsborough,61.333333333333336,,,
2024-06-13 02:00:00,Hillsborough,61.0,,,
2024-06-13 03:00:00,Hillsborough,60.333333333333336,,,
2024-06-13 04:00:00,Hillsborough,60.0,,,
2024-06-13 05:00:00,Hillsborough,61.0,,,
2024-06-13 06:00:00,Hillsborough,65.33333333333333,,,
2024-06-13 07:00:00,Hillsborough,70.0,,,
2024-06-13 08:00:00,Hillsborough,73.66666666666667,3.591666666666667,,
2024-06-13 09:00:00,Hillsborough,76.33333333333333,,,
2024-06-13 10:00:00,Hillsborough,79.33333333333333,,,
2024-06-13 11:00:00,Hillsborough,82.0,,,
2024-06-13 12:00:00,Hillsborough,84.0,,,
2024-06-13 13:00:00,Hillsborough,86.33333333333333,,,
2024-06-13 14:00:00,Hillsborough,86.0,,,
2024-06-13 15:00:00,Hillsborough,84.0,,,
2024-06-13 16:00:00,Hillsborough,82.33333333333333,4.8,,
2024-06-13 17:00:00,Hillsborough,81.0,,,
2024-06-13 18:00:00,Hillsborough,76.66666666666667,,,
2024-06-13 19:00:00,Hillsborough,71.0,,,
2024-06-13 20:00:00,Hillsborough,70.66666666666667,,,
2024-06-13 21:00:00,Hillsborough,69.66666666666667,,,
2024-06-13 22:00:00,Hillsborough,69.0,,,
2024-06-13 23:00:00,Hillsborough,67.0,,,
2024-06-14 00:00:00,Hillsborough,65.66666666666667,6.2,50.0,
2024-06-14 01:00:00,Hillsborough,65.0,,,
2024-06-14 02:00:00,Hillsborough,64.0,,,
2024-06-14 03:00:00,Hillsborough,64.0,,,
2024-06-14 04:00:00,Hillsborough,64.0,,,
2024-06-14 05:00:00,Hillsborough,65.33333333333333,,,
2024-06-14 06:00:00,Hillsborough,68.66666666666667,,,
2024-06-14 07:00:00,Hillsborough,72.33333333333333,,,
2024-06-14 08:00:00,Hillsborough,75.0,5.470833333333333,,
2024-06-14 09:00:00,Hillsborough,75.66666666666667,,,
2024-06-14 10:00:00,Hillsborough,76.0,,,
2024-06-14 11:00:00,Hillsborough,74.33333333333333,,,
2024-06-14 12:00:00,Hillsborough,75.33333333333333,,,
2024-06-14 13:00:00,Hillsborough,78.0,,,
2024-06-14 14:00:00,Hillsborough,81.0,,,
2024-06-14 15:00:00,Hillsborough,81.0,,,
2024-06-14 16:00:00,Hillsborough,78.66666666666667,4.845833333333333,,
2024-06-14 17:00:00,Hillsborough,75.0,,,
2024-06-14 18:00:00,Hillsborough,72.66666666666667,,,
2024-06-14 19:00:00,Hillsborough,70.33333333333333,,,
2024-06-14 20:00:00,Hillsborough,69.33333333333333,,,
2024-06-14 21:00:00,Hillsborough,69.0,,,
2024-06-14 22:00:00,Hillsborough,68.66666666666667,,,
2024-06-14 23:00:00,Hillsborough,67.33333333333333,,,
2024-06-15 00:00:00,Hillsborough,65.66666666666667,4.6,56.0,
2024-06-15 01:00:00,Hillsborough,64.66666666666667,,,
2024-06-15 02:00:00,Hillsborough,64.0,,,
2024-06-15 03:00:00,Hillsborough,63.66666666666666,,,
2024-06-15 04:00:00,Hillsborough,62.66666666666666,,,
2024-06-15 05:00:00,Hillsborough,63.0,,,
2024-06-15 06:00:00,Hillsborough,65.33333333333333,,,
2024-06-15 07:00:00,Hillsborough,68.33333333333333,,,
2024-06-15 08:00:00,Hillsborough,71.0,5.779166666666667,,
2024-06-15 09:00:00,Hillsborough,72.66666666666667,,,
2024-06-15 10:00:00,Hillsborough,74.33333333333333,,,
2024-06-15 11:00:00,Hillsborough,76.66666666666667,,,
2024-06-15 12:00:00,Hillsborough,74.66666666666667,,,
2024-06-15 13:00:00,Hillsborough,74.66666666666667,,,
2024-06-15 14:00:00,Hillsborough,76.0,,,
2024-06-15 15:00:00,Hillsborough,76.66666666666667,,,
2024-06-15 16:00:00,Hillsborough,76.33333333333333,8.616666666666667,,
2024-06-15 17:00:00,Hillsborough,71.66666666666667,,,
2024-06-15 18:00:00,Hillsborough,68.66666666666667,,,
2024-06-15 19:00:00,Hillsborough,66.0,,,
2024-06-15 20:00:00,Hillsborough,64.33333333333333,,,
2024-06-15 21:00:00,Hillsborough,61.66666666666666,,,
2024-06-15 22:00:00,Hillsborough,60.0,,,
2024-06-15 23:00:00,Hillsborough,58.333333333333336,,,
2024-06-16 00:00:00,Hillsborough,57.333333333333336,7.6,65.0,
2024-06-16 01:00:00,Hillsborough,56.333333333333336,,,
2024-06-16 02:00:00,Hillsborough,56.0,,,
2024-06-16 03:00:00,Hillsborough,55.333333333333336,,,
2024-06-16 04:00:00,Hillsborough,55.333333333333336,,,
2024-06-16 05:00:00,Hillsborough,56.66666666666666,,,
2024-06-16 06:00:00,Hillsborough,62.0,,,
2024-06-16 07:00:00,Hillsborough,67.0,,,
2024-06-16 08:00:00,Hillsborough,70.66666666666667,9.725,,
2024-06-16 09:00:00,Hillsborough,73.33333333333333,,,
2024-06-16 10:00:00,Hillsborough,75.66666666666667,,,
2024-06-16 11:00:00,Hillsborough,77.0,,,
2024-06-16 12:00:00,Hillsborough,78.66666666666667,,,
2024-06-16 13:00:00,Hillsborough,80.0,,,
2024-06-16 14:00:00,Hillsborough,81.33333333333333,,,
2024-06-16 15:00:00,Hillsborough,82.0,,,
2024-06-16 16:00:00,Hillsborough,80.66666666666667,6.429166666666667,,
2024-06-16 17:00:00,Hillsborough,76.0,,,
2024-06-16 18:00:00,Hillsborough,72.66666666666667,,,
2024-06-16 19:00:00,Hillsborough,69.33333333333333,,,
2024-06-16 20:00:00,Hillsborough,66.66666666666667,,,
2024-06-16 21:00:00,Hillsborough,65.33333333333333,,,
2024-06-16 22:00:00,Hillsborough,65.0,,,
2024-06-16 23:00:00,Hillsborough,64.33333333333333,,,
2024-06-17 00:00:00,Hillsborough,63.66666666666666,5.05,44.0,0.029444444444444412
2024-06-17 01:00:00,Hillsborough,62.66666666666666,,,
2024-06-17 02:00:00,Hillsborough,61.66666666666666,,,
2024-06-17 03:00:00,Hillsborough,61.0,,,
2024-06-17 04:00:00,Hillsborough,61.0,,,
2024-06-17 05:00:00,Hillsborough,62.0,,,
2024-06-17 06:00:00,Hillsborough,65.33333333333333,,,
2024-06-17 07:00:00,Hillsborough,70.0,,,
2024-06-17 08:00:00,Hillsborough,73.0,7.172916666666667,,
2024-06-17 09:00:00,Hillsborough,76.0,,,
2024-06-17 10:00:00,Hillsborough,79.33333333333333,,,
2024-06-17 11:00:00,Hillsborough,81.33333333333333,,,
2024-06-17 12:00:00,Hillsborough,82.0,,,
2024-06-17 13:00:00,Hillsborough,83.33333333333333,,,
2024-06-17 14:00:00,Hillsborough,83.0,,,
2024-06-17 15:00:00,Hillsborough,84.66666666666667,,,
2024-06-17 16:00:00,Hillsborough,82.66666666666667,8.4875,,
2024-06-17 17:00:00,Hillsborough,80.33333333333333,,,
2024-06-17 18:00:00,Hillsborough,78.0,,,
2024-06-17 19:00:00,Hillsborough,75.0,,,
2024-06-17 20:00:00,Hillsborough,72.66666666666667,,,
2024-06-17 21:00:00,Hillsborough,71.66666666666667,,,
2024-06-17 22:00:00,Hillsborough,70.33333333333333,,,
2024-06-17 23:00:00,Hillsborough,69.0,,,
2024-06-18 00:00:00,Hillsborough,68.66666666666667,8.741666666666665,49.0,
2024-06-18 01:00:00,Hillsborough,68.33333333333333,,,
2024-06-18 02:00:00,Hillsborough,68.33333333333333,,,
2024-06-18 03:00:00,Hillsborough,68.0,,,
2024-06-18 04:00:00,Hillsborough,68.0,,,
2024-06-18 05:00:00,Hillsborough,69.0,,,
2024-06-18 06:00:00,Hillsborough,71.66666666666667,,,
2024-06-18 07:00:00,Hillsborough,76.33333333333333,,,
2024-06-18 08:00:00,Hillsborough,81.33333333333333,10.5,,
2024-06-18 09:00:00,Hillsborough,85.33333333333333,,,
2024-06-18 10:00:00,Hillsborough,88.0,,,
2024-06-18 11:00:00,Hillsborough,89.66666666666667,,,
2024-06-18 12:00:00,Hillsborough,91.0,,,
2024-06-18 13:00:00,Hillsborough,91.0,,,
2024-06-18 14:00:00,Hillsborough,91.33333333333331,,,
2024-06-18 15:00:00,Hillsborough,91.0,,,
2024-06-18 16:00:00,Hillsborough,88.33333333333333,6.875,,
2024-06-18 17:00:00,Hillsborough,85.0,,,
2024-06-18 18:00:00,Hillsborough,81.66666666666667,,,
2024-06-18 19:00:00,Hillsborough,79.0,,,
2024-06-18 20:00:00,Hillsborough,77.33333333333333,,,
2024-06-18 21:00:00,Hillsborough,75.66666666666667,,,
2024-06-18 22:00:00,Hillsborough,75.0,,,
2024-06-18 23:00:00,Hillsborough,73.66666666666667,,,
2024-06-19 00:00:00,Hillsborough,73.33333333333333,6.566666666666666,42.0,
2024-06-19 01:00:00,Hillsborough,73.66666666666667,,,
2024-06-19 02:00:00,Hillsborough,72.66666666666667,,,
2024-06-19 03:00:00,Hillsborough,72.0,,,
2024-06-19 04:00:00,Hillsborough,71.66666666666667,,,
2024-06-19 05:00:00,Hillsborough,72.33333333333333,,,
2024-06-19 06:00:00,Hillsborough,75.0,,,
2024-06-19 07:00:00,Hillsborough,78.66666666666667,,,
2024-06-19 08:00:00,Hillsborough,82.0,7.2125,,
2024-06-19 09:00:00,Hillsborough,85.0,,,
2024-06-19 10:00:00,Hillsborough,86.66666666666667,,,
2024-06-19 11:00:00,Hillsborough,87.66666666666667,,,
2024-06-19 12:00:00,Hillsborough,90.0,,,
2024-06-19 13:00:00,Hillsborough,89.33333333333333,,,
2024-06-19 14:00:00,Hillsborough,88.66666666666667,,,
2024-06-19 15:00:00,Hillsborough,83.66666666666667,,,
2024-06-19 16:00:00,Hillsborough,80.0,6.8875,,
2024-06-19 17:00:00,Hillsborough,79.33333333333333,,,
2024-06-19 18:00:00,Hillsborough,77.0,,,
2024-06-19 19:00:00,Hillsborough,75.33333333333333,,,
2024-06-19 20:00:00,Hillsborough,73.66666666666667,,,
2024-06-19 21:00:00,Hillsborough,72.66666666666667,,,
2024-06-19 22:00:00,Hillsborough,72.0,,,
2024-06-19 23:00:00,Hillsborough,71.33333333333333,,,
2024-06-20 00:00:00,Hillsborough,71.0,6.920833333333333,49.0,
2024-06-20 01:00:00,Hillsborough,70.66666666666667,,,
2024-06-20 02:00:00,Hillsborough,71.0,,,
2024-06-20 03:00:00,Hillsborough,70.66666666666667,,,
2024-06-20 04:00:00,Hillsborough,71.0,,,
2024-06-20 05:00:00,Hillsborough,72.33333333333333,,,
2024-06-20 06:00:00,Hillsborough,75.33333333333333,,,
2024-06-20 07:00:00,Hillsborough,79.0,,,
2024-06-20 08:00:00,Hillsborough,82.0,9.422916666666666,,
2024-06-20 09:00:00,Hillsborough,85.0,,,
2024-06-20 10:00:00,Hillsborough,86.33333333333333,,,
2024-06-20 11:00:00,Hillsborough,89.66666666666667,,,
2024-06-20 12:00:00,Hillsborough,91.33333333333331,,,
2024-06-20 13:00:00,Hillsborough,92.33333333333331,,,
2024-06-20 14:00:00,Hillsborough,90.66666666666669,,,
2024-06-20 15:00:00,Hillsborough,87.66666666666667,,,
2024-06-20 16:00:00,Hillsborough,87.66666666666667,7.5,,
2024-06-20 17:00:00,Hillsborough,86.33333333333333,,,
2024-06-20 18:00:00,Hillsborough,79.0,,,
2024-06-20 19:00:00,Hillsborough,73.66666666666667,,,
2024-06-20 20:00:00,Hillsborough,72.0,,,
2024-06-20 21:00:00,Hillsborough,72.0,,,
2024-06-20 22:00:00,Hillsborough,70.66666666666667,,,
2024-06-20 23:00:00,Hillsborough,70.66666666666667,,,
2024-06-21 00:00:00,Hillsborough,70.33333333333333,7.404166666666667,43.0,
2024-06-21 01:00:00,Hillsborough,70.0,,,
2024-06-21 02:00:00,Hillsborough,70.0,,,
2024-06-21 03:00:00,Hillsborough,69.66666666666667,,,
2024-06-21 04:00:00,Hillsborough,69.66666666666667,,,
2024-06-21 05:00:00,Hillsborough,70.0,,,
2024-06-21 06:00:00,Hillsborough,71.66666666666667,,,
2024-06-21 07:00:00,Hillsborough,75.66666666666667,,,
2024-06-21 08:00:00,Hillsborough,78.33333333333333,5.491666666666667,,
2024-06-21 09:00:00,Hillsborough,79.66666666666667,,,
2024-06-21 10:00:00,Hillsborough,81.33333333333333,,,
2024-06-21 11:00:00,Hillsborough,82.33333333333333,,,
2024-06-21 12:00:00,Hillsborough,82.66666666666667,,,
2024-06-21 13:00:00,Hillsborough,81.33333333333333,,,
2024-06-21 14:00:00,Hillsborough,82.0,,,
2024-06-21 15:00:00,Hillsborough,80.33333333333333,,,
2024-06-21 16:00:00,Hillsborough,77.66666666666667,5.095833333333333,,
2024-06-21 17:00:00,Hillsborough,74.66666666666667,,,
2024-06-21 18:00:00,Hillsborough,71.0,,,
2024-06-21 19:00:00,Hillsborough,68.33333333333333,,,
2024-06-21 20:00:00,Hillsborough,67.66666666666667,,,
2024-06-21 21:00:00,Hillsborough,67.33333333333333,,,
2024-06-21 22:00:00,Hillsborough,67.33333333333333,,,
2024-06-21 23:00:00,Hillsborough,67.66666666666667,,,
2024-06-22 00:00:00,Hillsborough,68.0,3.9916666666666667,47.0,
2024-06-22 01:00:00,Hillsborough,67.66666666666667,,,
2024-06-22 02:00:00,Hillsborough,67.66666666666667,,,
2024-06-22 03:00:00,Hillsborough,67.66666666666667,,,
2024-06-22 04:00:00,Hillsborough,68.0,,,
2024-06-22 05:00:00,Hillsborough,67.66666666666667,,,
2024-06-22 06:00:00,Hillsborough,69.0,,,
2024-06-22 07:00:00,Hillsborough,70.0,,,
2024-06-22 08:00:00,Hillsborough,71.0,5.170833333333333,,
2024-06-22 09:00:00,Hillsborough,72.66666666666667,,,
2024-06-22 10:00:00,Hillsborough,73.0,,,
2024-06-22 11:00:00,Hillsborough,72.66666666666667,,,
2024-06-22 12:00:00,Hillsborough,73.0,,,
2024-06-22 13:00:00,Hillsborough,72.0,,,
2024-06-22 14:00:00,Hillsborough,70.66666666666667,,,
2024-06-22 15:00:00,Hillsborough,67.0,,,
2024-06-22 16:00:00,Hillsborough,67.0,3.4541666666666666,,
2024-06-22 17:00:00,Hillsborough,66.33333333333333,,,
2024-06-22 18:00:00,Hillsborough,66.33333333333333,,,
2024-06-22 19:00:00,Hillsborough,65.66666666666667,,,
2024-06-22 20:00:00,Hillsborough,65.0,,,
2024-06-22 21:00:00,Hillsborough,65.0,,,
2024-06-22 22:00:00,Hillsborough,64.0,,,
2024-06-22 23:00:00,Hillsborough,64.0,,,
2024-06-23 00:00:00,Hillsborough,64.0,3.6666666666666665,27.0,
2024-06-23 01:00:00,Hillsborough,64.0,,,
2024-06-23 02:00:00,Hillsborough,64.0,,,
2024-06-23 03:00:00,Hillsborough,63.66666666666666,,,
2024-06-23 04:00:00,Hillsborough,63.66666666666666,,,
2024-06-23 05:00:00,Hillsborough,63.66666666666666,,,
2024-06-23 06:00:00,Hillsborough,65.0,,,
2024-06-23 07:00:00,Hillsborough,67.0,,,
2024-06-23 08:00:00,Hillsborough,70.0,3.5250000000000004,,
2024-06-23 09:00:00,Hillsborough,72.33333333333333,,,
2024-06-23 10:00:00,Hillsborough,74.33333333333333,,,
2024-06-23 11:00:00,Hillsborough,76.33333333333333,,,
2024-06-23 12:00:00,Hillsborough,80.33333333333333,,,
2024-06-23 13:00:00,Hillsborough,81.66666666666667,,,
2024-06-23 14:00:00,Hillsborough,79.33333333333333,,,
2024-06-23 15:00:00,Hillsborough,78.0,,,
2024-06-23 16:00:00,Hillsborough,78.0,4.691666666666666,,
2024-06-23 17:00:00,Hillsborough,77.33333333333333,,,
2024-06-23 18:00:00,Hillsborough,77.0,,,
2024-06-23 19:00:00,Hillsborough,75.66666666666667,,,
2024-06-23 20:00:00,Hillsborough,74.0,,,
2024-06-23 21:00:00,Hillsborough,73.0,,,
2024-06-23 22:00:00,Hillsborough,72.66666666666667,,,
2024-06-23 23:00:00,Hillsborough,72.33333333333333,,,
2024-06-24 00:00:00,Hillsborough,71.0,3.216666666666667,46.0,0.02324196428571425
2024-06-24 01:00:00,Hillsborough,71.0,,,
2024-06-24 02:00:00,Hillsborough,70.33333333333333,,,
2024-06-24 03:00:00,Hillsborough,70.33333333333333,,,
2024-06-24 04:00:00,Hillsborough,70.0,,,
2024-06-24 05:00:00,Hillsborough,69.33333333333333,,,
2024-06-24 06:00:00,Hillsborough,70.0,,,
2024-06-24 07:00:00,Hillsborough,72.33333333333333,,,
2024-06-24 08:00:00,Hillsborough,74.33333333333333,2.4,,
2024-06-24 09:00:00,Hillsborough,76.0,,,
2024-06-24 10:00:00,Hillsborough,77.0,,,
2024-06-24 11:00:00,Hillsborough,78.33333333333333,,,
2024-06-24 12:00:00,Hillsborough,79.0,,,
2024-06-24 13:00:00,Hillsborough,79.66666666666667,,,
2024-06-24 14:00:00,Hillsborough,80.0,,,
2024-06-24 15:00:00,Hillsborough,78.66666666666667,,,
2024-06-24 16:00:00,Hillsborough,76.66666666666667,2.8333333333333335,,
2024-06-24 17:00:00,Hillsborough,73.33333333333333,,,
2024-06-24 18:00:00,Hillsborough,70.66666666666667,,,
2024-06-24 19:00:00,Hillsborough,68.66666666666667,,,
2024-06-24 20:00:00,Hillsborough,67.33333333333333,,,
2024-06-24 21:00:00,Hillsborough,65.33333333333333,,,
2024-06-24 22:00:00,Hillsborough,64.66666666666667,,,
2024-06-24 23:00:00,Hillsborough,65.0,,,
2024-06-25 00:00:00,Hillsborough,65.0,4.9625,29.0,
2024-06-25 01:00:00,Hillsborough,64.33333333333333,,,
2024-06-25 02:00:00,Hillsborough,64.33333333333333,,,
2024-06-25 03:00:00,Hillsborough,64.0,,,
2024-06-25 04:00:00,Hillsborough,64.0,,,
2024-06-25 05:00:00,Hillsborough,64.66666666666667,,,
2024-06-25 06:00:00,Hillsborough,67.33333333333333,,,
2024-06-25 07:00:00,Hillsborough,72.33333333333333,,,
2024-06-25 08:00:00,Hillsborough,76.66666666666667,6.258333333333334,,
2024-06-25 09:00:00,Hillsborough,80.33333333333333,,,
2024-06-25 10:00:00,Hillsborough,83.0,,,
2024-06-25 11:00:00,Hillsborough,83.33333333333333,,,
2024-06-25 12:00:00,Hillsborough,83.33333333333333,,,
2024-06-25 13:00:00,Hillsborough,85.66666666666667,,,
2024-06-25 14:00:00,Hillsborough,86.66666666666667,,,
2024-06-25 15:00:00,Hillsborough,85.66666666666667,,,
2024-06-25 16:00:00,Hillsborough,82.0,6.029166666666667,,
2024-06-25 17:00:00,Hillsborough,81.0,,,
2024-06-25 18:00:00,Hillsborough,80.0,,,
2024-06-25 19:00:00,Hillsborough,76.33333333333333,,,
2024-06-25 20:00:00,Hillsborough,74.33333333333333,,,
2024-06-25 21:00:00,Hillsborough,73.0,,,
2024-06-25 22:00:00,Hillsborough,72.0,,,
2024-06-25 23:00:00,Hillsborough,72.0,,,
2024-06-26 00:00:00,Hillsborough,71.66666666666667,6.791666666666667,27.0,
2024-06-26 01:00:00,Hillsborough,71.33333333333333,,,
2024-06-26 02:00:00,Hillsborough,70.0,,,
2024-06-26 03:00:00,Hillsborough,68.33333333333333,,,
2024-06-26 04:00:00,Hillsborough,68.66666666666667,,,
2024-06-26 05:00:00,Hillsborough,69.0,,,
2024-06-26 06:00:00,Hillsborough,72.33333333333333,,,
2024-06-26 07:00:00,Hillsborough,76.0,,,
2024-06-26 08:00:00,Hillsborough,79.33333333333333,4.9125,,
2024-06-26 09:00:00,Hillsborough,82.0,,,
2024-06-26 10:00:00,Hillsborough,83.66666666666667,,,
2024-06-26 11:00:00,Hillsborough,85.33333333333333,,,
2024-06-26 12:00:00,Hillsborough,85.33333333333333,,,
2024-06-26 13:00:00,Hillsborough,85.66666666666667,,,
2024-06-26 14:00:00,Hillsborough,87.33333333333333,,,
2024-06-26 15:00:00,Hillsborough,87.0,,,
2024-06-26 16:00:00,Hillsborough,86.33333333333333,3.4458333333333333,,
2024-06-26 17:00:00,Hillsborough,83.66666666666667,,,
2024-06-26 18:00:00,Hillsborough,79.66666666666667,,,
2024-06-26 19:00:00,Hillsborough,76.66666666666667,,,
2024-06-26 20:00:00,Hillsborough,75.0,,,
2024-06-26 21:00:00,Hillsborough,73.33333333333333,,,
2024-06-26 22:00:00,Hillsborough,72.66666666666667,,,
2024-06-26 23:00:00,Hillsborough,71.33333333333333,,,
2024-06-27 00:00:00,Hillsborough,69.33333333333333,3.7875,28.0,
2024-06-27 01:00:00,Hillsborough,68.33333333333333,,,
2024-06-27 02:00:00,Hillsborough,67.33333333333333,,,
2024-06-27 03:00:00,Hillsborough,66.33333333333333,,,
2024-06-27 04:00:00,Hillsborough,66.0,,,
2024-06-27 05:00:00,Hillsborough,65.66666666666667,,,
2024-06-27 06:00:00,Hillsborough,67.33333333333333,,,
2024-06-27 07:00:00,Hillsborough,70.66666666666667,,,
2024-06-27 08:00:00,Hillsborough,75.0,3.2041666666666666,,
2024-06-27 09:00:00,Hillsborough,77.33333333333333,,,
2024-06-27 10:00:00,Hillsborough,78.66666666666667,,,
2024-06-27 11:00:00,Hillsborough,80.66666666666667,,,
2024-06-27 12:00:00,Hillsborough,80.66666666666667,,,
2024-06-27 13:00:00,Hillsborough,80.66666666666667,,,
2024-06-27 14:00:00,Hillsborough,79.0,,,
2024-06-27 15:00:00,Hillsborough,78.33333333333333,,,
2024-06-27 16:00:00,Hillsborough,78.33333333333333,3.3583333333333334,,
2024-06-27 17:00:00,Hillsborough,78.0,,,
2024-06-27 18:00:00,Hillsborough,76.0,,,
2024-06-27 19:00:00,Hillsborough,72.33333333333333,,,
2024-06-27 20:00:00,Hillsborough,69.33333333333333,,,
2024-06-27 21:00:00,Hillsborough,67.0,,,
2024-06-27 22:00:00,Hillsborough,65.0,,,
2024-06-27 23:00:00,Hillsborough,64.0,,,
2024-06-28 00:00:00,Hillsborough,63.333333333333336,4.491666666666666,40.0,
2024-06-28 01:00:00,Hillsborough,61.333333333333336,,,
2024-06-28 02:00:00,Hillsborough,60.333333333333336,,,
2024-06-28 03:00:00,Hillsborough,59.66666666666666,,,
2024-06-28 04:00:00,Hillsborough,58.333333333333336,,,
2024-06-28 05:00:00,Hillsborough,59.333333333333336,,,
2024-06-28 06:00:00,Hillsborough,62.66666666666666,,,
2024-06-28 07:00:00,Hillsborough,65.66666666666667,,,
2024-06-28 08:00:00,Hillsborough,67.66666666666667,3.2729166666666667,,
2024-06-28 09:00:00,Hillsborough,70.0,,,
2024-06-28 10:00:00,Hillsborough,73.33333333333333,,,
2024-06-28 11:00:00,Hillsborough,75.33333333333333,,,
2024-06-28 12:00:00,Hillsborough,84.5,,,
2024-06-28 13:00:00,Hillsborough,85.0,,,
2024-06-28 14:00:00,Hillsborough,79.66666666666667,,,
2024-06-28 15:00:00,Hillsborough,78.33333333333333,,,
2024-06-28 16:00:00,Hillsborough,77.33333333333333,5.741666666666666,,
2024-06-28 17:00:00,Hillsborough,75.33333333333333,,,
2024-06-28 18:00:00,Hillsborough,72.0,,,
2024-06-28 19:00:00,Hillsborough,67.66666666666667,,,
2024-06-28 20:00:00,Hillsborough,66.33333333333333,,,
2024-06-28 21:00:00,Hillsborough,66.0,,,
2024-06-28 22:00:00,Hillsborough,65.33333333333333,,,
2024-06-28 23:00:00,Hillsborough,65.0,,,
2024-06-29 00:00:00,Hillsborough,64.33333333333333,5.575,51.0,
2024-06-29 01:00:00,Hillsborough,64.0,,,
2024-06-29 02:00:00,Hillsborough,63.66666666666666,,,
2024-06-29 03:00:00,Hillsborough,62.66666666666666,,,
2024-06-29 04:00:00,Hillsborough,63.0,,,
2024-06-29 05:00:00,Hillsborough,64.0,,,
2024-06-29 06:00:00,Hillsborough,65.0,,,
2024-06-29 07:00:00,Hillsborough,67.0,,,
2024-06-29 08:00:00,Hillsborough,68.33333333333333,5.425,,
2024-06-29 09:00:00,Hillsborough,70.33333333333333,,,
2024-06-29 10:00:00,Hillsborough,71.0,,,
2024-06-29 11:00:00,Hillsborough,72.33333333333333,,,
2024-06-29 12:00:00,Hillsborough,75.0,,,
2024-06-29 13:00:00,Hillsborough,70.0,,,
2024-06-29 14:00:00,Hillsborough,68.66666666666667,,,
2024-06-29 15:00:00,Hillsborough,69.0,,,
2024-06-29 16:00:00,Hillsborough,69.66666666666667,4.0625,,
2024-06-29 17:00:00,Hillsborough,69.33333333333333,,,
2024-06-29 18:00:00,Hillsborough,69.33333333333333,,,
2024-06-29 19:00:00,Hillsborough,69.33333333333333,,,
2024-06-29 20:00:00,Hillsborough,70.0,,,
2024-06-29 21:00:00,Hillsborough,70.66666666666667,,,
2024-06-29 22:00:00,Hillsborough,71.0,,,
2024-06-29 23:00:00,Hillsborough,71.66666666666667,,,
2024-06-30 00:00:00,Hillsborough,71.33333333333333,5.645833333333333,47.0,
2024-06-30 01:00:00,Hillsborough,71.66666666666667,,,
2024-06-30 02:00:00,Hillsborough,71.33333333333333,,,
2024-06-30 03:00:00,Hillsborough,72.0,,,
2024-06-30 04:00:00,Hillsborough,71.66666666666667,,,
2024-06-30 05:00:00,Hillsborough,72.0,,,
2024-06-30 06:00:00,Hillsborough,74.0,,,
2024-06-30 07:00:00,Hillsborough,77.0,,,
2024-06-30 08:00:00,Hillsborough,80.0,5.8125,,
2024-06-30 09:00:00,Hillsborough,82.33333333333333,,,
2024-06-30 10:00:00,Hillsborough,84.0,,,
2024-06-30 11:00:00,Hillsborough,84.33333333333333,,,
2024-06-30 12:00:00,Hillsborough,85.0,,,
2024-06-30 13:00:00,Hillsborough,82.66666666666667,,,
2024-06-30 14:00:00,Hillsborough,78.0,,,
2024-06-30 15:00:00,Hillsborough,76.66666666666667,,,
2024-06-30 16:00:00,Hillsborough,77.33333333333333,4.933333333333334,,
2024-06-30 17:00:00,Hillsborough,76.33333333333333,,,
2024-06-30 18:00:00,Hillsborough,75.0,,,
2024-06-30 19:00:00,Hillsborough,73.33333333333333,,,
2024-06-30 20:00:00,Hillsborough,72.33333333333333,,,
2024-06-30 21:00:00,Hillsborough,71.33333333333333,,,
2024-06-30 22:00:00,Hillsborough,70.33333333333333,,,
2024-06-30 23:00:00,Hillsborough,69.33333333333333,,,
2024-07-01 00:00:00,,,,3.0,
